r0,r1,r2,E
1.300000000000,0.970000000000,0.619501046001,-150.722476900000
3.500000000000,0.970000000000,4.453372004334,-150.652590000000
3.050000000000,0.970000000000,2.172419070165,-150.655010000000
1.400000000000,0.970000000000,2.306701913923,-150.658172800000
2.500000000000,0.970000000000,3.392975337711,-150.652193100000
2.200000000000,0.970000000000,1.406443797229,-150.635149800000
3.050000000000,0.970000000000,3.168106639305,-150.653460000000
1.000000000000,0.970000000000,1.520220198205,-150.556394600000
2.200000000000,0.970000000000,2.568126319375,-150.656064000000
3.350000000000,0.970000000000,3.599365063840,-150.652960000000
2.900000000000,0.970000000000,2.877048590485,-150.653829400000
1.600000000000,0.970000000000,1.176425556661,-150.626649900000
1.900000000000,0.970000000000,1.961524418161,-150.658553100000
2.500000000000,0.970000000000,1.970585687986,-150.652572300000
3.450000000000,0.970000000000,2.560085406599,-150.654870000000
1.000000000000,0.970000000000,0.157431315962,-150.555979100000
3.050000000000,0.970000000000,3.326693138596,-150.653330000000
2.200000000000,0.970000000000,3.031414910051,-150.650206300000
1.500000000000,0.970000000000,1.623467222784,-150.688859300000
1.100000000000,0.970000000000,1.963463312222,-150.632758000000
1.000000000000,0.970000000000,0.940372411373,-150.556437100000
2.600000000000,0.970000000000,2.410681302622,-150.626091800000
3.300000000000,0.970000000000,4.237117303979,-150.652700000000
2.000000000000,0.970000000000,1.030000000000,-150.509823600000
3.050000000000,0.970000000000,3.835233576482,-150.652950000000
1.800000000000,0.970000000000,2.700424926278,-150.631155600000
1.700000000000,0.970000000000,0.730000000000,-150.524721800000
2.800000000000,0.970000000000,3.622028173631,-150.653065500000
3.050000000000,0.970000000000,2.537720574351,-150.654220000000
2.500000000000,0.970000000000,1.605701060586,-150.645656700000
1.800000000000,0.970000000000,2.342867094867,-150.660216600000
1.900000000000,0.970000000000,1.594791684495,-150.646964700000
2.500000000000,0.970000000000,2.848916219824,-150.654657200000
1.200000000000,0.970000000000,1.228338654658,-150.645585300000
3.250000000000,0.970000000000,2.856966754971,-150.653800000000
2.200000000000,0.970000000000,2.228570664738,-150.655980500000
2.800000000000,0.970000000000,1.830000000000,-150.506184000000
3.350000000000,0.970000000000,4.112963372901,-150.652730000000
2.200000000000,0.970000000000,1.859134368075,-150.651977800000
1.500000000000,0.970000000000,1.935498431037,-150.701444000000
1.000000000000,0.970000000000,0.460811613433,-150.556436500000
1.300000000000,0.970000000000,0.954410884223,-150.652277800000
1.300000000000,0.970000000000,0.330000000000,-150.623312900000
2.700000000000,0.970000000000,3.192661794853,-150.653817900000
2.700000000000,0.970000000000,2.158377304827,-150.653750300000
3.100000000000,0.970000000000,2.190817928911,-150.655200000000
1.700000000000,0.970000000000,1.426422259543,-150.644048700000
3.200000000000,0.970000000000,3.111116981426,-150.653440000000
3.050000000000,0.970000000000,3.543353790870,-150.653170000000
2.800000000000,0.970000000000,2.597313416699,-150.654088600000
1.200000000000,0.970000000000,1.680804373280,-150.705223800000
1.600000000000,0.970000000000,2.503314652831,-150.625840100000
1.900000000000,0.970000000000,1.267726117884,-150.623131700000
3.500000000000,0.970000000000,2.813197277424,-150.654090000000
1.700000000000,0.970000000000,2.111915733819,-150.670407100000
3.100000000000,0.970000000000,3.988660581758,-150.652830000000
3.200000000000,0.970000000000,3.546462483288,-150.653070000000
1.700000000000,0.970000000000,1.789304874315,-150.665929600000
1.400000000000,0.970000000000,1.372395166227,-150.677684200000
2.000000000000,0.970000000000,2.835419859383,-150.645855900000
1.300000000000,0.970000000000,2.085881076207,-150.702288700000
2.900000000000,0.970000000000,2.348185943721,-150.654188600000
2.400000000000,0.970000000000,3.142655622949,-150.653042300000
3.450000000000,0.970000000000,3.847108501162,-150.652790000000
3.400000000000,0.970000000000,4.274329372930,-150.652670000000
1.800000000000,0.970000000000,0.927259750608,-150.611495500000
1.500000000000,0.970000000000,0.530000000000,-150.577542800000
3.250000000000,0.970000000000,2.639689860356,-150.654260000000
2.100000000000,0.970000000000,1.215029115953,-150.620302700000
3.200000000000,0.970000000000,4.048131283173,-150.652800000000
1.000000000000,0.970000000000,1.731328890745,-150.556563800000
1.100000000000,0.970000000000,0.668290222552,-150.647074000000
1.500000000000,0.970000000000,0.773350512130,-150.703000100000
2.700000000000,0.970000000000,3.435579632319,-150.653310200000
2.000000000000,0.970000000000,2.383534959270,-150.657944400000
2.600000000000,0.970000000000,1.790715804363,-150.622219200000
2.300000000000,0.970000000000,2.811119815985,-150.654792600000
2.300000000000,0.970000000000,1.633214117674,-150.646148400000
1.000000000000,0.970000000000,1.253287895485,-150.556314400000
2.400000000000,0.970000000000,1.430000000000,-150.507365600000
2.400000000000,0.970000000000,2.588609665438,-150.655283100000
2.100000000000,0.970000000000,1.603882377578,-150.645194200000
2.700000000000,0.970000000000,2.868954513407,-150.654176900000
2.400000000000,0.970000000000,2.226371869445,-150.654565200000
2.900000000000,0.970000000000,2.000064008807,-150.654308700000
3.050000000000,0.970000000000,2.749024956788,-150.653900000000
2.900000000000,0.970000000000,3.789947586060,-150.652916400000
1.300000000000,0.970000000000,1.890940990247,-150.721241400000
1.600000000000,0.970000000000,2.278477466355,-150.670779600000
3.050000000000,0.970000000000,3.002196949807,-150.653620000000
2.600000000000,0.970000000000,2.595854276981,-150.626286500000
2.200000000000,0.970000000000,2.045013217390,-150.654557800000
1.900000000000,0.970000000000,1.780477491200,-150.654153300000
1.400000000000,0.970000000000,1.192334005595,-150.654981300000
2.000000000000,0.970000000000,2.655955469480,-150.653188000000
2.900000000000,0.970000000000,3.228682611839,-150.653562400000
1.700000000000,0.970000000000,1.611039246857,-150.657088800000
2.400000000000,0.970000000000,2.410911304367,-150.655154200000
3.350000000000,0.970000000000,3.002102975919,-150.653600000000
3.350000000000,0.970000000000,3.421995423307,-150.653090000000
1.900000000000,0.970000000000,2.133283853593,-150.660367400000
3.100000000000,0.970000000000,3.847523902727,-150.652940000000
1.300000000000,0.970000000000,0.785328748780,-150.701957000000
1.600000000000,0.970000000000,1.010908194058,-150.652322800000
2.200000000000,0.970000000000,2.404350224073,-150.656425300000
1.200000000000,0.970000000000,1.391652492098,-150.667110900000
3.050000000000,0.970000000000,3.474457303769,-150.653220000000
3.350000000000,0.970000000000,3.169784308779,-150.653360000000
2.900000000000,0.970000000000,3.057924132479,-150.653697500000
1.900000000000,0.970000000000,1.427254022524,-150.636763000000
3.400000000000,0.970000000000,3.099903855893,-150.653460000000
3.200000000000,0.970000000000,3.278391650032,-150.653270000000
3.050000000000,0.970000000000,3.488522146973,-150.653210000000
2.900000000000,0.970000000000,3.385031269362,-150.653427500000
1.700000000000,0.970000000000,1.957268504830,-150.670334100000
2.700000000000,0.970000000000,3.038150344829,-150.654026000000
1.000000000000,0.970000000000,0.786017290827,-150.556543200000
3.100000000000,0.970000000000,2.322906768163,-150.654800000000
2.500000000000,0.970000000000,3.001290052305,-150.654286900000
1.000000000000,0.970000000000,1.101890742666,-150.556347700000
1.000000000000,0.970000000000,0.309597090405,-150.556222300000
3.300000000000,0.970000000000,2.496314209969,-150.654790000000
3.400000000000,0.970000000000,2.702439836372,-150.654290000000
1.500000000000,0.970000000000,1.786309043811,-150.698411900000
3.200000000000,0.970000000000,4.162749592607,-150.652730000000
2.700000000000,0.970000000000,2.011876536563,-150.653232100000
2.900000000000,0.970000000000,2.204036438100,-150.654270700000
3.100000000000,0.970000000000,3.963067517268,-150.652850000000
3.050000000000,0.970000000000,3.715419154280,-150.653040000000
3.050000000000,0.970000000000,2.900852709857,-150.653720000000
1.200000000000,0.970000000000,1.054978827506,-150.645614300000
1.200000000000,0.970000000000,0.230000000000,-150.609146700000
1.400000000000,0.970000000000,0.430000000000,-150.608377600000
1.600000000000,0.970000000000,0.630000000000,-150.543396800000
2.400000000000,0.970000000000,3.293846744556,-150.651490700000
1.700000000000,0.970000000000,2.601814658421,-150.625603300000
1.500000000000,0.970000000000,2.404938457713,-150.640740200000
2.100000000000,0.970000000000,2.933349803200,-150.648381200000
2.900000000000,0.970000000000,3.523498149708,-150.653293600000
3.200000000000,0.970000000000,4.133407656300,-150.652750000000
1.900000000000,0.970000000000,1.125455441962,-150.613521500000
1.900000000000,0.970000000000,2.560945037104,-150.653333000000
1.200000000000,0.970000000000,1.543016526159,-150.690879600000
2.200000000000,0.970000000000,2.716564179382,-150.655074700000
2.900000000000,0.970000000000,2.691349718160,-150.653956300000
2.400000000000,0.970000000000,1.726978015268,-150.648859000000
1.000000000000,0.970000000000,1.868221852322,-150.556447700000
2.500000000000,0.970000000000,2.132932413410,-150.653758300000
1.500000000000,0.970000000000,2.185360288807,-150.689568000000
2.400000000000,0.970000000000,1.877635650372,-150.651548300000
2.700000000000,0.970000000000,2.503739336210,-150.654222000000
2.500000000000,0.970000000000,2.318201462758,-150.654474000000
2.700000000000,0.970000000000,2.689134151027,-150.654249100000
2.700000000000,0.970000000000,2.319068937007,-150.654068800000
2.300000000000,0.970000000000,2.135276417745,-150.654601400000
2.100000000000,0.970000000000,2.138584614374,-150.656526000000
2.900000000000,0.970000000000,2.507341378633,-150.654078000000
3.500000000000,0.970000000000,3.415184085962,-150.653070000000
2.100000000000,0.970000000000,1.769757206893,-150.650729600000
2.100000000000,0.970000000000,1.955697506882,-150.654422000000
3.350000000000,0.970000000000,4.308557251195,-150.652660000000
3.150000000000,0.970000000000,2.446004578512,-150.654600000000
2.000000000000,0.970000000000,1.867465238645,-150.654230300000
2.800000000000,0.970000000000,2.782880798222,-150.654023600000
2.300000000000,0.970000000000,2.942971181347,-150.653792300000
2.500000000000,0.970000000000,2.681585351989,-150.654852500000
2.500000000000,0.970000000000,2.503093360709,-150.654813000000
3.100000000000,0.970000000000,2.880627700206,-150.653740000000
2.300000000000,0.970000000000,2.319377128160,-150.655538600000
2.000000000000,0.970000000000,2.222813532440,-150.658446300000
1.600000000000,0.970000000000,0.857447228067,-150.684923000000
1.800000000000,0.970000000000,1.694925890944,-150.654696600000
2.000000000000,0.970000000000,2.049527042500,-150.657290200000
1.800000000000,0.970000000000,1.874725310051,-150.660964800000
1.800000000000,0.970000000000,1.509642503948,-150.644912200000
1.700000000000,0.970000000000,1.094074991883,-150.633755000000
3.500000000000,0.970000000000,3.330566709765,-150.653160000000
1.600000000000,0.970000000000,1.529091604201,-150.663608000000
3.200000000000,0.970000000000,2.975792712551,-150.653610000000
1.700000000000,0.970000000000,1.257644388734,-150.627129200000
1.600000000000,0.970000000000,1.345488920546,-150.646842900000
1.600000000000,0.970000000000,1.705470280700,-150.675788300000
2.000000000000,0.970000000000,1.514842025743,-150.641442900000
1.400000000000,0.970000000000,1.543587629050,-150.697079100000
1.400000000000,0.970000000000,1.703202865193,-150.710125200000
3.200000000000,0.970000000000,3.754381368718,-150.652950000000
1.200000000000,0.970000000000,0.408461050854,-150.686377000000
1.000000000000,0.970000000000,1.393161871428,-150.556326800000
1.500000000000,0.970000000000,1.098309961813,-150.634066000000
2.000000000000,0.970000000000,1.681576802927,-150.649037200000
1.500000000000,0.970000000000,1.449411885269,-150.673217500000
3.300000000000,0.970000000000,3.701710908976,-150.652920000000
2.300000000000,0.970000000000,1.330000000000,-150.507728500000
3.250000000000,0.970000000000,3.864886688607,-150.652870000000
1.500000000000,0.970000000000,1.267280714012,-150.653247400000
2.800000000000,0.970000000000,2.963258341758,-150.653916700000
1.300000000000,0.970000000000,1.466178609058,-150.693346000000
1.400000000000,0.970000000000,0.693488486065,-150.717008100000
2.600000000000,0.970000000000,2.775049549107,-150.626268000000
1.800000000000,0.970000000000,1.341402894980,-150.631545700000
1.500000000000,0.970000000000,0.931058894895,-150.674899100000
1.800000000000,0.970000000000,2.466329156920,-150.654703800000
2.300000000000,0.970000000000,2.496177077052,-150.655795300000
2.300000000000,0.970000000000,1.949543696808,-150.652840300000
3.400000000000,0.970000000000,2.889619819394,-150.653830000000
2.300000000000,0.970000000000,1.501741951559,-150.640908200000
1.200000000000,0.970000000000,1.803603101980,-150.709654000000
2.100000000000,0.970000000000,2.475531427222,-150.656815300000
1.300000000000,0.970000000000,2.208623656036,-150.666487400000
3.450000000000,0.970000000000,4.403423882811,-150.652620000000
2.100000000000,0.970000000000,2.313201245028,-150.657253100000
2.400000000000,0.970000000000,2.040848022997,-150.653405800000
1.300000000000,0.970000000000,1.298515372033,-150.669468500000
1.400000000000,0.970000000000,0.855456576754,-150.693534300000
2.000000000000,0.970000000000,1.357274556240,-150.631120700000
1.400000000000,0.970000000000,1.024008034182,-150.646252500000
1.800000000000,0.970000000000,2.201636893735,-150.663419700000
2.600000000000,0.970000000000,2.225700048835,-150.625635200000
1.100000000000,0.970000000000,1.320497483476,-150.632152300000
1.800000000000,0.970000000000,2.044724920374,-150.663796500000
1.300000000000,0.970000000000,1.121302971410,-150.644020100000
1.600000000000,0.970000000000,2.023158699076,-150.683664000000
1.200000000000,0.970000000000,0.553747967662,-150.710243500000
2.800000000000,0.970000000000,2.412969283227,-150.654100800000
3.300000000000,0.970000000000,3.993247585264,-150.652800000000
1.600000000000,0.970000000000,1.871069213044,-150.682516300000
1.200000000000,0.970000000000,0.890622152079,-150.645647800000
2.200000000000,0.970000000000,1.694146097376,-150.648025700000
2.700000000000,0.970000000000,1.730000000000,-150.506438200000
1.100000000000,0.970000000000,1.162535818653,-150.632168700000
2.800000000000,0.970000000000,3.288732737003,-150.653611200000
2.800000000000,0.970000000000,3.133268973913,-150.653775700000
3.200000000000,0.970000000000,2.744436035649,-150.653980000000
1.300000000000,0.970000000000,1.622004932175,-150.710965900000
2.600000000000,0.970000000000,3.096839624067,-150.625758000000
2.300000000000,0.970000000000,1.785447651823,-150.650085300000
2.600000000000,0.970000000000,2.943355325590,-150.626078100000
2.700000000000,0.970000000000,1.887805028678,-150.652519300000
2.600000000000,0.970000000000,3.492153620333,-150.624032500000
1.100000000000,0.970000000000,1.599401886998,-150.653836800000
2.400000000000,0.970000000000,2.754869630758,-150.655047100000
2.300000000000,0.970000000000,2.661257172347,-150.655503400000
2.600000000000,0.970000000000,3.337798635052,-150.624899500000
1.800000000000,0.970000000000,1.179857957093,-150.613926900000
1.200000000000,0.970000000000,0.722271785833,-150.691484600000
1.100000000000,0.970000000000,0.994303927015,-150.632213200000
2.500000000000,0.970000000000,3.240153089949,-150.653251900000
1.100000000000,0.970000000000,1.466594695204,-150.632525700000
3.250000000000,0.970000000000,3.922390291892,-150.652850000000
2.600000000000,0.970000000000,2.064194824101,-150.624858400000
2.300000000000,0.970000000000,3.194772466222,-150.650351100000
1.300000000000,0.970000000000,0.482011893944,-150.698225600000
1.900000000000,0.970000000000,2.292208968868,-150.659856500000
2.800000000000,0.970000000000,2.107774159967,-150.653882700000
3.100000000000,0.970000000000,2.648765654548,-150.654080000000
2.800000000000,0.970000000000,2.253061230446,-150.654040300000
1.100000000000,0.970000000000,0.833975718847,-150.632264400000
1.500000000000,0.970000000000,2.069059009995,-150.698275600000
3.450000000000,0.970000000000,4.084402904770,-150.652700000000
1.400000000000,0.970000000000,1.979477584545,-150.714318100000
2.600000000000,0.970000000000,1.648939055890,-150.647691000000
1.000000000000,0.970000000000,0.625737253572,-150.556548500000
1.400000000000,0.970000000000,1.849090920275,-150.715792400000
2.100000000000,0.970000000000,1.448191607512,-150.637533500000
3.150000000000,0.970000000000,4.087466007649,-150.652770000000
3.150000000000,0.970000000000,2.459240997688,-150.654570000000
1.300000000000,0.970000000000,1.764120258469,-150.720269100000
1.100000000000,0.970000000000,0.348346658124,-150.638556200000
1.100000000000,0.970000000000,0.499491819134,-150.662644400000
2.200000000000,0.970000000000,1.540234931145,-150.642462000000
1.800000000000,0.970000000000,1.034168853493,-150.613443400000
1.900000000000,0.970000000000,2.737639583662,-150.642675200000
2.400000000000,0.970000000000,2.906039968573,-150.654536500000
3.350000000000,0.970000000000,2.602976145869,-150.654520000000
2.200000000000,0.970000000000,1.251177909947,-150.619527400000
2.200000000000,0.970000000000,2.847001826737,-150.653641400000
2.100000000000,0.970000000000,2.751319579520,-150.653403400000
3.350000000000,0.970000000000,2.795482103193,-150.653990000000
1.400000000000,0.970000000000,0.563764580071,-150.694980400000
2.100000000000,0.970000000000,2.622412488831,-150.655447400000
2.000000000000,0.970000000000,2.528709865219,-150.656079000000
3.400000000000,0.970000000000,3.502956311425,-150.653010000000
1.900000000000,0.970000000000,2.435508140683,-150.657368600000
2.500000000000,0.970000000000,1.821405439838,-150.650830400000
2.700000000000,0.970000000000,3.591377475802,-150.652810200000
3.400000000000,0.970000000000,3.486501402928,-150.653020000000
1.700000000000,0.970000000000,2.372155040776,-150.659271600000
1.200000000000,0.970000000000,1.992132571448,-150.693342200000
2.600000000000,0.970000000000,1.916398311239,-150.623718900000
3.400000000000,0.970000000000,2.651898974589,-150.654440000000
3.200000000000,0.970000000000,2.548659044670,-150.654420000000
1.700000000000,0.970000000000,2.250855958316,-150.666525600000
1.100000000000,0.970000000000,0.130000000000,-150.542880900000
1.900000000000,0.970000000000,0.954086356975,-150.609826200000
2.400000000000,0.970000000000,3.039200445352,-150.653839000000
1.600000000000,0.970000000000,2.159555247259,-150.679556800000
1.200000000000,0.970000000000,2.110725749194,-150.656209200000
1.700000000000,0.970000000000,0.833256028636,-150.657253900000
3.150000000000,0.970000000000,2.233635999021,-150.655290000000
1.500000000000,0.970000000000,0.650634719010,-150.681560400000
1.700000000000,0.970000000000,0.944648338392,-150.670838800000
1.100000000000,0.970000000000,1.820208697024,-150.661314200000
2.800000000000,0.970000000000,1.985183256178,-150.653627200000
1.100000000000,0.970000000000,1.717646782767,-150.663068100000
1.600000000000,0.970000000000,0.740824252721,-150.665436200000
2.900000000000,0.970000000000,3.631504202629,-150.653160800000
2.800000000000,0.970000000000,3.426277752635,-150.653432600000
2.700000000000,0.970000000000,3.329222021045,-150.653573100000
2.400000000000,0.970000000000,1.597614979705,-150.645248400000
2.600000000000,0.970000000000,3.232345787909,-150.625351000000
1.400000000000,0.970000000000,2.092878309673,-150.706508700000
2.500000000000,0.970000000000,3.135665690061,-150.653799700000
2.300000000000,0.970000000000,3.045320456471,-150.652632600000
2.000000000000,0.970000000000,1.218111114041,-150.617705600000
3.450000000000,0.970000000000,4.324029336150,-150.652640000000
3.200000000000,0.970000000000,4.141064187909,-150.652740000000
1.000000000000,0.970000000000,1.633290173615,-150.556499900000
1.800000000000,0.970000000000,0.830000000000,-150.515975300000
2.100000000000,0.970000000000,1.311845806662,-150.627573700000
3.400000000000,0.970000000000,3.251525216825,-150.653250000000
3.100000000000,0.970000000000,3.133365246626,-150.653460000000
3.100000000000,0.970000000000,3.359140102949,-150.653260000000
1.800000000000,0.970000000000,2.561725643651,-150.647513300000
3.250000000000,0.970000000000,3.074197909398,-150.653480000000
3.100000000000,0.970000000000,3.083274210885,-150.653510000000
3.150000000000,0.970000000000,3.197596997899,-150.653370000000
3.200000000000,0.970000000000,4.069052187757,-150.652790000000
1.700000000000,0.970000000000,2.465792081966,-150.649402500000
3.100000000000,0.970000000000,3.405175493347,-150.653230000000
3.400000000000,0.970000000000,2.482018906775,-150.655090000000
3.300000000000,0.970000000000,2.717295919167,-150.654130000000
1.600000000000,0.970000000000,2.370194698676,-150.658144000000
3.350000000000,0.970000000000,3.388815356024,-150.653120000000
3.150000000000,0.970000000000,3.896733188176,-150.652890000000
1.500000000000,0.970000000000,2.274975874110,-150.676203800000
2.800000000000,0.970000000000,3.533484836795,-150.653247400000
2.000000000000,0.970000000000,1.118392022850,-150.616851800000
2.500000000000,0.970000000000,1.693965276411,-150.648487100000
3.250000000000,0.970000000000,4.104916959728,-150.652760000000
1.400000000000,0.970000000000,2.180185209089,-150.693481900000
3.250000000000,0.970000000000,3.933352903767,-150.652840000000
3.050000000000,0.970000000000,3.788626872365,-150.652990000000
2.100000000000,0.970000000000,1.130000000000,-150.508778200000
1.300000000000,0.970000000000,2.001119598202,-150.714798700000
3.150000000000,0.970000000000,3.513087631132,-150.653120000000
3.050000000000,0.970000000000,3.295738903062,-150.653350000000
3.150000000000,0.970000000000,3.570966655211,-150.653080000000
3.400000000000,0.970000000000,4.344208414683,-150.652640000000
3.100000000000,0.970000000000,3.884549319478,-150.652910000000
2.200000000000,0.970000000000,2.948163665868,-150.651954000000
3.150000000000,0.970000000000,2.810823439968,-150.653840000000
2.900000000000,0.970000000000,2.082809951704,-150.654310700000
2.100000000000,0.970000000000,2.851203486055,-150.650953500000
3.100000000000,0.970000000000,3.536787649959,-150.653140000000
1.200000000000,0.970000000000,1.910188386918,-150.705162800000
3.200000000000,0.970000000000,3.647486949910,-150.653010000000
3.050000000000,0.970000000000,3.311268775700,-150.653340000000
3.500000000000,0.970000000000,2.986271009934,-150.653690000000
3.200000000000,0.970000000000,3.728579901151,-150.652970000000
3.250000000000,0.970000000000,3.342666868817,-150.653190000000
3.150000000000,0.970000000000,3.556695585450,-150.653090000000
2.000000000000,0.970000000000,2.754460679887,-150.649645000000
3.100000000000,0.970000000000,3.730132185523,-150.653010000000
3.500000000000,0.970000000000,3.347491019395,-150.653140000000
3.200000000000,0.970000000000,3.211995234934,-150.653340000000
2.300000000000,0.970000000000,1.409711255645,-150.634567000000
1.900000000000,0.970000000000,2.657958982977,-150.648248100000
3.200000000000,0.970000000000,3.827841368806,-150.652910000000
3.300000000000,0.970000000000,3.274019603878,-150.653240000000
3.050000000000,0.970000000000,2.251283010387,-150.654810000000
3.300000000000,0.970000000000,4.228960855930,-150.652700000000
3.250000000000,0.970000000000,2.436476026359,-150.654880000000
3.300000000000,0.970000000000,4.250743129707,-150.652690000000
1.100000000000,0.970000000000,0.207781330177,-150.631501700000
2.400000000000,0.970000000000,1.507574495715,-150.640845700000
3.050000000000,0.970000000000,4.014510627618,-150.652770000000
3.200000000000,0.970000000000,2.297115832264,-150.655250000000
2.500000000000,0.970000000000,1.530000000000,-150.507033400000
3.500000000000,0.970000000000,2.737942081866,-150.654310000000
3.500000000000,0.970000000000,2.896488383499,-150.653880000000
3.450000000000,0.970000000000,3.049040892557,-150.653550000000
2.700000000000,0.970000000000,1.802572042290,-150.645948200000
2.800000000000,0.970000000000,1.901252482835,-150.653307500000
3.050000000000,0.970000000000,3.035773992369,-150.653580000000
3.500000000000,0.970000000000,4.360168112787,-150.652610000000
3.500000000000,0.970000000000,3.881040794168,-150.652750000000
3.350000000000,0.970000000000,2.432315817919,-150.655170000000
3.400000000000,0.970000000000,3.694087624826,-150.652880000000
3.500000000000,0.970000000000,4.156588024715,-150.652660000000
3.000000000000,0.970000000000,3.819549537377,-150.652973100000
2.900000000000,0.970000000000,1.930000000000,-150.505962900000
3.150000000000,0.970000000000,2.371761081013,-150.654820000000
3.200000000000,0.970000000000,4.158676055032,-150.652730000000
3.150000000000,0.970000000000,4.060616352162,-150.652790000000
3.200000000000,0.970000000000,4.105141922156,-150.652760000000
2.900000000000,0.970000000000,3.720755753812,-150.653032300000
3.150000000000,0.970000000000,2.696561574161,-150.654030000000
3.200000000000,0.970000000000,3.043439255007,-150.653520000000
3.150000000000,0.970000000000,2.928169924652,-150.653670000000
3.050000000000,0.970000000000,2.833170094922,-150.653800000000
2.800000000000,0.970000000000,3.690643228408,-150.652900400000
1.900000000000,0.970000000000,1.022401917514,-150.614498500000
2.700000000000,0.970000000000,3.523372362046,-150.653048500000
3.150000000000,0.970000000000,2.602756781672,-150.654220000000
3.200000000000,0.970000000000,3.974209742397,-150.652840000000
3.450000000000,0.970000000000,2.969082695050,-150.653690000000
2.600000000000,0.970000000000,3.424794521235,-150.624445800000
3.150000000000,0.970000000000,3.612947071252,-150.653060000000
2.500000000000,0.970000000000,3.326301583400,-150.652698400000
3.250000000000,0.970000000000,3.777211945404,-150.652910000000
2.400000000000,0.970000000000,3.227901320484,-150.652232000000
3.100000000000,0.970000000000,2.494952993698,-150.654380000000
3.150000000000,0.970000000000,3.906313546026,-150.652890000000
2.300000000000,0.970000000000,3.129602474090,-150.651443700000
3.250000000000,0.970000000000,2.792384999296,-150.653920000000
1.100000000000,0.970000000000,1.899021985226,-150.650453600000
2.200000000000,0.970000000000,3.095757717464,-150.648589000000
2.100000000000,0.970000000000,2.996808398871,-150.645973700000
3.050000000000,0.970000000000,2.601052606578,-150.654120000000
3.350000000000,0.970000000000,2.534782750851,-150.654760000000
3.450000000000,0.970000000000,3.468101567802,-150.653020000000
3.300000000000,0.970000000000,3.889495308594,-150.652840000000
3.400000000000,0.970000000000,2.952556489862,-150.653700000000
3.300000000000,0.970000000000,2.541993513763,-150.654630000000
2.000000000000,0.970000000000,2.897931212753,-150.642248700000
3.350000000000,0.970000000000,3.614953109397,-150.652950000000
3.100000000000,0.970000000000,3.837782620204,-150.652940000000
3.300000000000,0.970000000000,2.396296347007,-150.655180000000
1.000000000000,0.970000000000,1.806647950908,-150.556532700000
3.200000000000,0.970000000000,4.025329489754,-150.652810000000
3.500000000000,0.970000000000,3.549522856208,-150.652950000000
1.900000000000,0.970000000000,2.799133803190,-150.637233700000
3.200000000000,0.970000000000,2.481637060273,-150.654610000000
3.100000000000,0.970000000000,2.524524620609,-150.654320000000
3.450000000000,0.970000000000,2.777816506216,-150.654140000000
2.200000000000,0.970000000000,1.312170258942,-150.626431700000
3.200000000000,0.970000000000,2.891803412685,-150.653730000000
3.400000000000,0.970000000000,4.362649215949,-150.652640000000
3.450000000000,0.970000000000,2.847935096437,-150.653960000000
1.800000000000,0.970000000000,2.640025606142,-150.639383000000
3.050000000000,0.970000000000,2.682521148240,-150.653990000000
3.400000000000,0.970000000000,2.874208226018,-150.653860000000
3.200000000000,0.970000000000,4.167166505643,-150.652730000000
3.200000000000,0.970000000000,3.850957133783,-150.652900000000
3.250000000000,0.970000000000,3.995210664706,-150.652810000000
1.700000000000,0.970000000000,2.542597080179,-150.637831800000
3.050000000000,0.970000000000,3.232630557609,-150.653400000000
3.300000000000,0.970000000000,2.566454482835,-150.654550000000
3.500000000000,0.970000000000,3.212681434998,-150.653310000000
3.100000000000,0.970000000000,2.570089687083,-150.654220000000
3.100000000000,0.970000000000,2.779837768900,-150.653870000000
3.100000000000,0.970000000000,2.965227911611,-150.653640000000
3.350000000000,0.970000000000,4.310729233613,-150.652660000000
1.600000000000,0.970000000000,2.445376172123,-150.642724400000
3.450000000000,0.970000000000,2.877287781245,-150.653890000000
3.350000000000,0.970000000000,3.691254109673,-150.652910000000
3.350000000000,0.970000000000,2.514386106608,-150.654830000000
3.100000000000,0.970000000000,2.205572779653,-150.655160000000
3.250000000000,0.970000000000,4.194468063385,-150.652720000000
3.250000000000,0.970000000000,2.447227563282,-150.654840000000
1.500000000000,0.970000000000,2.348388667627,-150.659358400000
3.200000000000,0.970000000000,2.666099313234,-150.654140000000
3.050000000000,0.970000000000,3.431447550214,-150.653250000000
3.050000000000,0.970000000000,2.349015471863,-150.654590000000
3.200000000000,0.970000000000,4.093972818599,-150.652770000000
3.450000000000,0.970000000000,2.922537002053,-150.653790000000
3.450000000000,0.970000000000,4.023667481291,-150.652720000000
3.500000000000,0.970000000000,3.664405488290,-150.652870000000
1.200000000000,0.970000000000,0.285589816160,-150.644649000000
3.350000000000,0.970000000000,4.237222132565,-150.652690000000
3.450000000000,0.970000000000,3.484794254379,-150.653010000000
2.600000000000,0.970000000000,1.704045460605,-150.649205900000
1.400000000000,0.970000000000,2.251664727549,-150.676699000000
3.100000000000,0.970000000000,4.020628394288,-150.652800000000
3.100000000000,0.970000000000,3.969782963634,-150.652840000000
3.250000000000,0.970000000000,2.517666848643,-150.654610000000
3.100000000000,0.970000000000,3.494078284453,-150.653170000000
3.500000000000,0.970000000000,4.380195675482,-150.652610000000
3.400000000000,0.970000000000,2.756649548120,-150.654140000000
3.100000000000,0.970000000000,2.397479101593,-150.654610000000
3.000000000000,0.970000000000,3.889287591677,-150.652891000000
3.500000000000,0.970000000000,2.714909580121,-150.654390000000
3.400000000000,0.970000000000,3.336092697658,-150.653160000000
3.150000000000,0.970000000000,3.130852277939,-150.653440000000
3.050000000000,0.970000000000,3.264375752750,-150.653380000000
3.200000000000,0.970000000000,3.392020285369,-150.653180000000
3.350000000000,0.970000000000,2.736496051084,-150.654140000000
3.450000000000,0.970000000000,3.065330351630,-150.653520000000
3.400000000000,0.970000000000,2.828858217908,-150.653960000000
3.400000000000,0.970000000000,2.583984844674,-150.654680000000
3.300000000000,0.970000000000,3.020810799824,-150.653560000000
1.300000000000,0.970000000000,2.155239837313,-150.685430300000
3.250000000000,0.970000000000,2.956259447257,-150.653640000000
3.100000000000,0.970000000000,4.000179374883,-150.652820000000
3.400000000000,0.970000000000,2.689442354044,-150.654330000000
3.200000000000,0.970000000000,4.120263011956,-150.652760000000
3.250000000000,0.970000000000,2.698987129815,-150.654120000000
3.100000000000,0.970000000000,3.149962828655,-150.653440000000
3.350000000000,0.970000000000,2.920480323567,-150.653740000000
3.100000000000,0.970000000000,2.713662754452,-150.653970000000
3.100000000000,0.970000000000,2.268381053870,-150.654960000000
3.100000000000,0.970000000000,2.451953626099,-150.654480000000
3.250000000000,0.970000000000,2.583309850973,-150.654410000000
3.350000000000,0.970000000000,4.269746970466,-150.652680000000
3.250000000000,0.970000000000,3.954725297386,-150.652830000000
3.500000000000,0.970000000000,3.048986060509,-150.653570000000
3.500000000000,0.970000000000,3.759771981852,-150.652810000000
3.150000000000,0.970000000000,3.755227905697,-150.652980000000
3.400000000000,0.970000000000,3.841466499317,-150.652810000000
3.050000000000,0.970000000000,3.899463264416,-150.652890000000
3.300000000000,0.970000000000,3.582233024970,-150.652990000000
3.400000000000,0.970000000000,3.017235300386,-150.653590000000
3.450000000000,0.970000000000,3.098155775892,-150.653470000000
3.350000000000,0.970000000000,2.627850557691,-150.654440000000
3.200000000000,0.970000000000,2.825516524630,-150.653840000000
3.300000000000,0.970000000000,3.340914362590,-150.653180000000
3.050000000000,0.970000000000,3.135386889182,-150.653490000000
3.300000000000,0.970000000000,3.324258182440,-150.653190000000
3.100000000000,0.970000000000,3.264331290221,-150.653340000000
3.250000000000,0.970000000000,3.487470711118,-150.653080000000
3.400000000000,0.970000000000,3.453407117737,-150.653050000000
3.100000000000,0.970000000000,3.389940541182,-150.653240000000
3.150000000000,0.970000000000,3.344132926276,-150.653240000000
3.250000000000,0.970000000000,3.158810290005,-150.653380000000
3.250000000000,0.970000000000,3.124981035394,-150.653420000000
3.200000000000,0.970000000000,2.562705001251,-150.654390000000
3.350000000000,0.970000000000,4.306157807748,-150.652670000000
3.250000000000,0.970000000000,3.564610878602,-150.653030000000
3.300000000000,0.970000000000,4.215060027679,-150.652710000000
1.200000000000,0.970000000000,2.059156008512,-150.676179600000
3.450000000000,0.970000000000,3.711453295506,-150.652850000000
3.250000000000,0.970000000000,4.090291174838,-150.652770000000
3.050000000000,0.970000000000,3.807851572554,-150.652970000000
3.250000000000,0.970000000000,4.215905661930,-150.652710000000
3.200000000000,0.970000000000,2.356807429146,-150.655020000000
3.200000000000,0.970000000000,3.675113295114,-150.652990000000
3.050000000000,0.970000000000,3.608498751143,-150.653120000000
3.200000000000,0.970000000000,3.060368679928,-150.653500000000
3.350000000000,0.970000000000,3.220564053787,-150.653290000000
3.300000000000,0.970000000000,3.004071889662,-150.653580000000
3.050000000000,0.970000000000,3.657722281211,-150.653090000000
3.500000000000,0.970000000000,4.297408646882,-150.652630000000
3.150000000000,0.970000000000,3.679984521439,-150.653020000000
3.250000000000,0.970000000000,3.209415723173,-150.653320000000
3.450000000000,0.970000000000,3.400928607593,-150.653090000000
3.150000000000,0.970000000000,3.247087151802,-150.653320000000
3.450000000000,0.970000000000,3.518027845431,-150.652980000000
3.250000000000,0.970000000000,3.243004887126,-150.653290000000
3.350000000000,0.970000000000,3.119107524500,-150.653420000000
3.400000000000,0.970000000000,3.369794744507,-150.653130000000
3.200000000000,0.970000000000,3.161701718490,-150.653390000000
3.200000000000,0.970000000000,3.470574392051,-150.653120000000
3.200000000000,0.970000000000,2.347255801773,-150.655060000000
3.050000000000,0.970000000000,2.883923235816,-150.653740000000
3.300000000000,0.970000000000,2.659565157557,-150.654280000000
3.150000000000,0.970000000000,4.070443463104,-150.652780000000
3.150000000000,0.970000000000,2.978901308891,-150.653610000000
3.100000000000,0.970000000000,2.830066037020,-150.653800000000
3.150000000000,0.970000000000,2.877634410849,-150.653740000000
3.100000000000,0.970000000000,3.100016633382,-150.653490000000
3.100000000000,0.970000000000,3.949008077432,-150.652860000000
3.200000000000,0.970000000000,3.485978364673,-150.653110000000
3.500000000000,0.970000000000,3.532867353074,-150.652960000000
3.100000000000,0.970000000000,4.037587993142,-150.652790000000
3.100000000000,0.970000000000,3.941666140269,-150.652870000000
3.250000000000,0.970000000000,3.226228175410,-150.653300000000
3.100000000000,0.970000000000,3.327920467332,-150.653290000000
3.050000000000,0.970000000000,3.747902651686,-150.653020000000
3.100000000000,0.970000000000,3.817728574250,-150.652960000000
3.250000000000,0.970000000000,4.183277582858,-150.652720000000
3.300000000000,0.970000000000,3.487972877169,-150.653060000000
3.200000000000,0.970000000000,3.343785280188,-150.653210000000
3.150000000000,0.970000000000,3.835254477829,-150.652930000000
3.150000000000,0.970000000000,4.112776211767,-150.652750000000
3.200000000000,0.970000000000,3.439449476292,-150.653140000000
3.050000000000,0.970000000000,3.052503443136,-150.653570000000
3.050000000000,0.970000000000,3.595783890469,-150.653130000000
3.300000000000,0.970000000000,2.445890835702,-150.654980000000
3.200000000000,0.970000000000,3.311229971547,-150.653240000000
1.100000000000,0.970000000000,2.013034506067,-150.632174900000
3.150000000000,0.970000000000,2.761351729909,-150.653920000000
3.100000000000,0.970000000000,3.199398624610,-150.653400000000
3.100000000000,0.970000000000,2.897529145916,-150.653720000000
3.300000000000,0.970000000000,3.155809935082,-150.653380000000
3.050000000000,0.970000000000,3.669608857928,-150.653080000000
3.300000000000,0.970000000000,2.888619202635,-150.653770000000
3.350000000000,0.970000000000,2.486169535131,-150.654950000000
3.500000000000,0.970000000000,2.587970383720,-150.654860000000
3.100000000000,0.970000000000,2.539559383551,-150.654280000000
3.150000000000,0.970000000000,4.097911319596,-150.652760000000
3.450000000000,0.970000000000,2.984853984101,-150.653660000000
3.300000000000,0.970000000000,3.785810439601,-150.652880000000
3.500000000000,0.970000000000,3.582672027567,-150.652920000000
3.450000000000,0.970000000000,4.272955738520,-150.652650000000
1.000000000000,0.970000000000,1.915581545360,-150.556368000000
3.400000000000,0.970000000000,4.215293563238,-150.652680000000
3.300000000000,0.970000000000,2.777728158547,-150.653990000000
3.050000000000,0.970000000000,2.298039653589,-150.654700000000
3.150000000000,0.970000000000,4.012673594325,-150.652820000000
3.050000000000,0.970000000000,3.280106786347,-150.653360000000
3.150000000000,0.970000000000,2.649079668544,-150.654130000000
3.250000000000,0.970000000000,2.745092882660,-150.654020000000
3.250000000000,0.970000000000,3.518648377084,-150.653060000000
3.200000000000,0.970000000000,4.088064150935,-150.652770000000
3.050000000000,0.970000000000,3.372301413819,-150.653290000000
3.100000000000,0.970000000000,4.010837342584,-150.652810000000
3.300000000000,0.970000000000,4.193444823103,-150.652720000000
3.400000000000,0.970000000000,3.302299680015,-150.653200000000
3.150000000000,0.970000000000,3.866840717622,-150.652910000000
3.150000000000,0.970000000000,4.117176921149,-150.652750000000
1.300000000000,0.970000000000,0.374098924108,-150.656642400000
3.250000000000,0.970000000000,3.549401605932,-150.653040000000
3.150000000000,0.970000000000,3.933882337430,-150.652870000000
3.500000000000,0.970000000000,2.762038670851,-150.654240000000
3.400000000000,0.970000000000,2.639891841313,-150.654480000000
3.150000000000,0.970000000000,3.845968679383,-150.652920000000
3.200000000000,0.970000000000,3.715442661230,-150.652970000000
3.400000000000,0.970000000000,3.910049878766,-150.652780000000
3.400000000000,0.970000000000,3.616044700935,-150.652930000000
3.400000000000,0.970000000000,3.784045982671,-150.652840000000
3.050000000000,0.970000000000,3.913471466391,-150.652880000000
3.450000000000,0.970000000000,4.348484565758,-150.652630000000
3.150000000000,0.970000000000,2.728767517926,-150.653980000000
3.150000000000,0.970000000000,2.486383399257,-150.654490000000
3.250000000000,0.970000000000,3.911245801656,-150.652850000000
3.400000000000,0.970000000000,4.328688083548,-150.652650000000
3.250000000000,0.970000000000,4.208635513173,-150.652710000000
3.250000000000,0.970000000000,2.396559177146,-150.655030000000
3.500000000000,0.970000000000,3.566125845126,-150.652930000000
3.150000000000,0.970000000000,3.998564222407,-150.652830000000
3.050000000000,0.970000000000,4.006455795895,-150.652780000000
3.450000000000,0.970000000000,4.288606821931,-150.652650000000
3.250000000000,0.970000000000,3.534079696622,-150.653050000000
3.200000000000,0.970000000000,3.873361129410,-150.652890000000
3.050000000000,0.970000000000,2.134388564703,-150.655110000000
3.300000000000,0.970000000000,3.687211731368,-150.652930000000
1.400000000000,0.970000000000,0.467267018891,-150.650297400000
3.350000000000,0.970000000000,4.264876067464,-150.652680000000
3.200000000000,0.970000000000,2.387375409007,-150.654910000000
3.300000000000,0.970000000000,2.688063726594,-150.654200000000
3.200000000000,0.970000000000,2.444265352656,-150.654730000000
3.150000000000,0.970000000000,2.271186917379,-150.655150000000
3.450000000000,0.970000000000,4.151433858444,-150.652680000000
3.400000000000,0.970000000000,4.046965718180,-150.652740000000
3.250000000000,0.970000000000,3.944131828308,-150.652840000000
3.100000000000,0.970000000000,2.359039643299,-150.654710000000
3.500000000000,0.970000000000,4.423958961737,-150.652600000000
3.150000000000,0.970000000000,2.407727433518,-150.654710000000
3.400000000000,0.970000000000,4.260842113413,-150.652670000000
3.050000000000,0.970000000000,2.285935129229,-150.654730000000
3.500000000000,0.970000000000,2.703809813634,-150.654420000000
3.100000000000,0.970000000000,2.931370518903,-150.653670000000
3.200000000000,0.970000000000,3.026511671402,-150.653540000000
3.200000000000,0.970000000000,3.094212560249,-150.653460000000
3.100000000000,0.970000000000,3.508450289259,-150.653160000000
3.150000000000,0.970000000000,3.422555597790,-150.653180000000
3.100000000000,0.970000000000,2.371606966942,-150.654670000000
3.400000000000,0.970000000000,3.285381192267,-150.653210000000
3.300000000000,0.970000000000,3.121956546008,-150.653420000000
3.050000000000,0.970000000000,3.387272276415,-150.653280000000
3.500000000000,0.970000000000,3.162781701080,-150.653380000000
3.050000000000,0.970000000000,2.799417668538,-150.653840000000
3.250000000000,0.970000000000,3.006632707012,-150.653570000000
3.350000000000,0.970000000000,4.073782927703,-150.652750000000
3.200000000000,0.970000000000,2.942087510559,-150.653660000000
3.050000000000,0.970000000000,2.968492570942,-150.653650000000
3.450000000000,0.970000000000,3.434586456254,-150.653060000000
3.200000000000,0.970000000000,3.359947103626,-150.653200000000
3.050000000000,0.970000000000,3.778727867483,-150.652990000000
3.300000000000,0.970000000000,3.054413088535,-150.653510000000
3.100000000000,0.970000000000,3.049675243599,-150.653540000000
3.050000000000,0.970000000000,3.416848234304,-150.653260000000
3.450000000000,0.970000000000,3.147917075550,-150.653390000000
3.300000000000,0.970000000000,3.290806368478,-150.653230000000
3.300000000000,0.970000000000,2.987382268922,-150.653610000000
3.100000000000,0.970000000000,3.166503649629,-150.653430000000
3.400000000000,0.970000000000,2.905167277241,-150.653790000000
3.150000000000,0.970000000000,3.164318754493,-150.653400000000
3.150000000000,0.970000000000,3.453196202610,-150.653160000000
3.100000000000,0.970000000000,3.116715092983,-150.653470000000
3.350000000000,0.970000000000,3.035278527943,-150.653540000000
3.050000000000,0.970000000000,3.868969670720,-150.652920000000
3.050000000000,0.970000000000,2.715654889157,-150.653950000000
3.100000000000,0.970000000000,3.682105376004,-150.653050000000
3.450000000000,0.970000000000,3.214989591005,-150.653300000000
3.400000000000,0.970000000000,3.183882065152,-150.653340000000
3.500000000000,0.970000000000,2.940663731681,-150.653780000000
3.050000000000,0.970000000000,3.798335270126,-150.652980000000
3.100000000000,0.970000000000,2.746616099858,-150.653920000000
3.350000000000,0.970000000000,2.969203184553,-150.653650000000
3.500000000000,0.970000000000,3.680524574417,-150.652850000000
3.400000000000,0.970000000000,3.050097661527,-150.653530000000
3.050000000000,0.970000000000,2.649673721388,-150.654040000000
3.400000000000,0.970000000000,2.594592147469,-150.654640000000
1.500000000000,0.970000000000,0.562784975695,-150.634319600000
3.350000000000,0.970000000000,3.068681136408,-150.653490000000
3.350000000000,0.970000000000,2.841381139264,-150.653890000000
3.100000000000,0.970000000000,3.605137191766,-150.653090000000
3.150000000000,0.970000000000,3.718342586331,-150.653000000000
3.500000000000,0.970000000000,3.263023326718,-150.653240000000
3.050000000000,0.970000000000,3.102403114175,-150.653520000000
3.350000000000,0.970000000000,3.338672252813,-150.653170000000
3.050000000000,0.970000000000,3.852502128999,-150.652930000000
3.350000000000,0.970000000000,4.140280526224,-150.652720000000
3.450000000000,0.970000000000,3.664250726439,-150.652880000000
3.100000000000,0.970000000000,3.741709327061,-150.653010000000
3.100000000000,0.970000000000,3.232018135420,-150.653370000000
3.100000000000,0.970000000000,2.681028511323,-150.654030000000
3.250000000000,0.970000000000,3.828302495885,-150.652890000000
3.500000000000,0.970000000000,2.853935289212,-150.653980000000
3.050000000000,0.970000000000,3.920162281614,-150.652870000000
3.400000000000,0.970000000000,2.984704495430,-150.653640000000
3.400000000000,0.970000000000,3.116618350963,-150.653430000000
3.300000000000,0.970000000000,2.840404692086,-150.653860000000
3.500000000000,0.970000000000,3.081038940398,-150.653510000000
3.150000000000,0.970000000000,3.312106830363,-150.653270000000
3.400000000000,0.970000000000,4.171652342759,-150.652700000000
3.050000000000,0.970000000000,3.826302122461,-150.652950000000
3.200000000000,0.970000000000,3.376026669849,-150.653190000000
3.100000000000,0.970000000000,2.616927948452,-150.654140000000
3.350000000000,0.970000000000,2.872664993440,-150.653830000000
3.250000000000,0.970000000000,3.439967762074,-150.653110000000
3.100000000000,0.970000000000,3.910242533679,-150.652890000000
3.200000000000,0.970000000000,2.712724379877,-150.654040000000
3.250000000000,0.970000000000,3.309665095138,-150.653220000000
3.100000000000,0.970000000000,3.296308304884,-150.653310000000
3.500000000000,0.970000000000,3.017378993895,-150.653630000000
3.350000000000,0.970000000000,2.888491586512,-150.653800000000
3.250000000000,0.970000000000,3.407849383788,-150.653140000000
3.300000000000,0.970000000000,3.519782815043,-150.653030000000
3.300000000000,0.970000000000,2.702591790642,-150.654170000000
3.050000000000,0.970000000000,2.866996130437,-150.653760000000
3.300000000000,0.970000000000,3.257198307073,-150.653260000000
3.050000000000,0.970000000000,3.970817974119,-150.652820000000
3.150000000000,0.970000000000,3.876995225473,-150.652910000000
3.150000000000,0.970000000000,3.790583807613,-150.652960000000
3.500000000000,0.970000000000,2.625894443326,-150.654710000000
3.350000000000,0.970000000000,4.297598390388,-150.652670000000
3.100000000000,0.970000000000,3.956142218157,-150.652850000000
3.450000000000,0.970000000000,2.953434906282,-150.653730000000
3.250000000000,0.970000000000,2.426026352906,-150.654920000000
3.100000000000,0.970000000000,3.764334675509,-150.652990000000
3.450000000000,0.970000000000,2.725554852988,-150.654280000000
3.050000000000,0.970000000000,2.732313445232,-150.653930000000
3.450000000000,0.970000000000,4.390572232741,-150.652620000000
3.500000000000,0.970000000000,2.911042710883,-150.653850000000
3.050000000000,0.970000000000,2.506821533770,-150.654270000000
3.050000000000,0.970000000000,2.850076638012,-150.653780000000
3.100000000000,0.970000000000,3.934117486089,-150.652870000000
3.300000000000,0.970000000000,3.357518270230,-150.653160000000
3.150000000000,0.970000000000,2.572613981561,-150.654290000000
3.150000000000,0.970000000000,2.777769307236,-150.653890000000
3.200000000000,0.970000000000,3.516453077079,-150.653090000000
3.450000000000,0.970000000000,2.805268558103,-150.654060000000
3.200000000000,0.970000000000,2.635726499607,-150.654210000000
3.300000000000,0.970000000000,3.406974232675,-150.653120000000
3.200000000000,0.970000000000,3.741560239042,-150.652960000000
1.600000000000,0.970000000000,0.659632769647,-150.621115500000
3.200000000000,0.970000000000,2.376874312588,-150.654950000000
3.150000000000,0.970000000000,3.692930536025,-150.653010000000
3.400000000000,0.970000000000,2.799432740984,-150.654030000000
3.100000000000,0.970000000000,4.064489212185,-150.652760000000
3.050000000000,0.970000000000,3.402122188951,-150.653270000000
3.050000000000,0.970000000000,2.553372523969,-150.654190000000
3.100000000000,0.970000000000,4.025197066158,-150.652800000000
3.150000000000,0.970000000000,3.975839892730,-150.652840000000
3.500000000000,0.970000000000,2.826562971388,-150.654060000000
3.100000000000,0.970000000000,2.239415953176,-150.655050000000
3.300000000000,0.970000000000,2.618322278627,-150.654390000000
3.500000000000,0.970000000000,2.617611297363,-150.654740000000
3.400000000000,0.970000000000,3.319205152676,-150.653180000000
3.150000000000,0.970000000000,4.075029031261,-150.652780000000
3.150000000000,0.970000000000,4.005723644438,-150.652820000000
3.450000000000,0.970000000000,2.819299500774,-150.654030000000
3.200000000000,0.970000000000,3.688706934098,-150.652990000000
3.200000000000,0.970000000000,4.150878143500,-150.652740000000
3.350000000000,0.970000000000,2.708080829522,-150.654210000000
3.450000000000,0.970000000000,2.531733688421,-150.654990000000
3.300000000000,0.970000000000,2.631859319028,-150.654350000000
3.250000000000,0.970000000000,4.149418103453,-150.652740000000
3.050000000000,0.970000000000,3.460254813860,-150.653230000000
3.300000000000,0.970000000000,3.535546806625,-150.653020000000
3.050000000000,0.970000000000,2.389710239771,-150.654500000000
3.150000000000,0.970000000000,3.585100694804,-150.653070000000
3.150000000000,0.970000000000,3.951270551413,-150.652860000000
3.250000000000,0.970000000000,2.611105489130,-150.654340000000
3.400000000000,0.970000000000,3.352957480568,-150.653140000000
3.200000000000,0.970000000000,2.521185806575,-150.654500000000
3.350000000000,0.970000000000,4.211191077031,-150.652700000000
3.150000000000,0.970000000000,4.108717583220,-150.652750000000
1.700000000000,0.970000000000,0.757300371529,-150.623523800000
3.100000000000,0.970000000000,4.033677464672,-150.652790000000
3.300000000000,0.970000000000,2.645609432137,-150.654310000000
3.200000000000,0.970000000000,3.590551030819,-150.653040000000
3.350000000000,0.970000000000,3.405433133668,-150.653100000000
3.050000000000,0.970000000000,3.516228541699,-150.653190000000
3.400000000000,0.970000000000,3.813027156328,-150.652820000000
3.150000000000,0.970000000000,3.730804202850,-150.652990000000
3.250000000000,0.970000000000,2.556363080337,-150.654490000000
3.100000000000,0.970000000000,2.424282200528,-150.654540000000
3.400000000000,0.970000000000,3.883060973448,-150.652790000000
3.400000000000,0.970000000000,2.729115397558,-150.654210000000
3.300000000000,0.970000000000,3.925665926696,-150.652820000000
3.350000000000,0.970000000000,2.640656702452,-150.654400000000
3.200000000000,0.970000000000,3.905600395838,-150.652870000000
3.050000000000,0.970000000000,3.569878464979,-150.653150000000
3.300000000000,0.970000000000,3.612818731739,-150.652970000000
3.400000000000,0.970000000000,2.676681509837,-150.654370000000
3.450000000000,0.970000000000,2.751225913318,-150.654210000000
1.800000000000,0.970000000000,0.855507051193,-150.604507800000
3.300000000000,0.970000000000,2.591917333689,-150.654470000000
3.450000000000,0.970000000000,4.415850432895,-150.652610000000
3.150000000000,0.970000000000,4.049919367911,-150.652790000000
3.300000000000,0.970000000000,3.937376835600,-150.652820000000
3.500000000000,0.970000000000,4.145113009686,-150.652660000000
3.350000000000,0.970000000000,2.460962750127,-150.655050000000
3.200000000000,0.970000000000,4.153702000066,-150.652730000000
3.300000000000,0.970000000000,3.566775321260,-150.653000000000
3.150000000000,0.970000000000,4.091169786733,-150.652760000000
3.450000000000,0.970000000000,2.538277421469,-150.654970000000
3.400000000000,0.970000000000,3.600140789027,-150.652940000000
3.100000000000,0.970000000000,2.384422738490,-150.654640000000
3.250000000000,0.970000000000,4.197751130566,-150.652720000000
3.150000000000,0.970000000000,4.044246582113,-150.652800000000
3.050000000000,0.970000000000,3.621052129285,-150.653110000000
3.250000000000,0.970000000000,3.888418628594,-150.652860000000
3.350000000000,0.970000000000,3.706163838729,-150.652900000000
3.300000000000,0.970000000000,4.209984806600,-150.652710000000
3.300000000000,0.970000000000,3.597581914762,-150.652980000000
1.900000000000,0.970000000000,0.930000000000,-150.511837000000
3.350000000000,0.970000000000,3.986360904364,-150.652780000000
3.150000000000,0.970000000000,3.640213994561,-150.653040000000
3.100000000000,0.970000000000,4.047994379668,-150.652780000000
3.500000000000,0.970000000000,3.398271667904,-150.653080000000
3.350000000000,0.970000000000,3.750136492048,-150.652880000000
3.350000000000,0.970000000000,4.300677975743,-150.652670000000
3.250000000000,0.970000000000,4.137776714011,-150.652750000000
3.450000000000,0.970000000000,2.700861256505,-150.654360000000
3.400000000000,0.970000000000,4.353476952327,-150.652640000000
3.050000000000,0.970000000000,4.017198529897,-150.652770000000
3.200000000000,0.970000000000,2.320610418038,-150.655160000000
3.400000000000,0.970000000000,3.631854862699,-150.652920000000
3.350000000000,0.970000000000,3.519973271073,-150.653010000000
3.050000000000,0.970000000000,3.975369320854,-150.652810000000
3.300000000000,0.970000000000,2.419528489100,-150.655080000000
3.400000000000,0.970000000000,2.616681960913,-150.654560000000
2.000000000000,0.970000000000,1.052933634419,-150.614254300000
3.400000000000,0.970000000000,4.347524653238,-150.652640000000
3.050000000000,0.970000000000,2.274102258419,-150.654750000000
3.500000000000,0.970000000000,4.059896220530,-150.652690000000
3.300000000000,0.970000000000,4.260760584272,-150.652690000000
3.300000000000,0.970000000000,2.475212361020,-150.654870000000
3.350000000000,0.970000000000,4.181754313184,-150.652710000000
3.450000000000,0.970000000000,2.654635939723,-150.654510000000
3.300000000000,0.970000000000,4.063622324696,-150.652770000000
3.500000000000,0.970000000000,3.910131122073,-150.652740000000
3.200000000000,0.970000000000,4.156301427332,-150.652730000000
3.200000000000,0.970000000000,4.110400726235,-150.652760000000
3.050000000000,0.970000000000,3.726428444168,-150.653030000000
2.100000000000,0.970000000000,1.151979904519,-150.617459300000
3.200000000000,0.970000000000,3.779537008682,-150.652940000000
3.250000000000,0.970000000000,2.458273749837,-150.654800000000
3.100000000000,0.970000000000,2.184003699774,-150.655230000000
3.300000000000,0.970000000000,4.181331186295,-150.652720000000
3.450000000000,0.970000000000,3.534560148712,-150.652970000000
3.400000000000,0.970000000000,4.336898219965,-150.652650000000
2.200000000000,0.970000000000,1.230000000000,-150.508162400000
3.250000000000,0.970000000000,2.332947707753,-150.655290000000
3.350000000000,0.970000000000,2.504656801250,-150.654870000000
3.350000000000,0.970000000000,3.792912984959,-150.652860000000
3.050000000000,0.970000000000,3.998079515514,-150.652790000000
3.300000000000,0.970000000000,3.716076801950,-150.652920000000
2.300000000000,0.970000000000,1.350494214821,-150.628154500000
3.500000000000,0.970000000000,2.594846094541,-150.654830000000
3.400000000000,0.970000000000,2.535596574108,-150.654860000000
3.400000000000,0.970000000000,2.563679868979,-150.654750000000
3.500000000000,0.970000000000,2.682477557127,-150.654500000000
2.400000000000,0.970000000000,1.449904509335,-150.636311000000
3.450000000000,0.970000000000,3.695818111787,-150.652860000000
3.450000000000,0.970000000000,3.998196239522,-150.652730000000
3.400000000000,0.970000000000,4.356112131479,-150.652640000000
3.300000000000,0.970000000000,3.772152092778,-150.652890000000
3.350000000000,0.970000000000,3.630436280710,-150.652940000000
3.350000000000,0.970000000000,3.962702245761,-150.652790000000
3.400000000000,0.970000000000,3.974783012945,-150.652760000000
2.500000000000,0.970000000000,1.549390702216,-150.642898500000
3.250000000000,0.970000000000,2.415885663289,-150.654960000000
3.050000000000,0.970000000000,4.010929058373,-150.652780000000
3.250000000000,0.970000000000,4.014297583477,-150.652810000000
3.300000000000,0.970000000000,3.877099431276,-150.652840000000
3.450000000000,0.970000000000,4.364520768494,-150.652630000000
3.500000000000,0.970000000000,4.398264416105,-150.652600000000
3.350000000000,0.970000000000,4.290762142313,-150.652670000000
3.350000000000,0.970000000000,3.847958087525,-150.652830000000
3.450000000000,0.970000000000,4.192381863151,-150.652670000000
2.700000000000,0.970000000000,1.748538953516,-150.650930100000
3.100000000000,0.970000000000,4.062803485946,-150.652760000000
2.800000000000,0.970000000000,1.848182061889,-150.653011700000
3.350000000000,0.970000000000,4.314389579015,-150.652660000000
3.250000000000,0.970000000000,2.378551197043,-150.655100000000
2.900000000000,0.970000000000,1.947861749666,-150.654279600000
3.050000000000,0.970000000000,2.190153597838,-150.654960000000
3.500000000000,0.970000000000,2.643468619562,-150.654640000000
3.150000000000,0.970000000000,2.288710300705,-150.655090000000
3.300000000000,0.970000000000,4.244379476426,-150.652690000000
3.250000000000,0.970000000000,4.125272991393,-150.652750000000
3.450000000000,0.970000000000,4.410668664001,-150.652620000000
3.500000000000,0.970000000000,2.970921091215,-150.653720000000
3.050000000000,0.970000000000,3.502446743072,-150.653200000000
3.350000000000,0.970000000000,3.203634856067,-150.653310000000
3.150000000000,0.970000000000,2.995829959690,-150.653590000000
3.050000000000,0.970000000000,3.633441894403,-150.653100000000
3.150000000000,0.970000000000,3.214154827644,-150.653350000000
3.100000000000,0.970000000000,2.948299814440,-150.653650000000
3.250000000000,0.970000000000,3.040376634254,-150.653520000000
3.250000000000,0.970000000000,3.108053474721,-150.653440000000
3.400000000000,0.970000000000,3.234597951076,-150.653270000000
3.400000000000,0.970000000000,2.920843732090,-150.653760000000
3.400000000000,0.970000000000,3.268454680890,-150.653230000000
3.400000000000,0.970000000000,3.083241583742,-150.653480000000
3.300000000000,0.970000000000,3.071264981885,-150.653480000000
3.100000000000,0.970000000000,2.914445205874,-150.653700000000
3.350000000000,0.970000000000,3.237489000117,-150.653270000000
3.300000000000,0.970000000000,3.138880883693,-150.653400000000
3.050000000000,0.970000000000,3.582909721937,-150.653140000000
3.150000000000,0.970000000000,3.012758953590,-150.653570000000
3.150000000000,0.970000000000,2.961978207911,-150.653630000000
3.350000000000,0.970000000000,3.186706537094,-150.653330000000
3.100000000000,0.970000000000,2.982149718260,-150.653620000000
3.200000000000,0.970000000000,3.407924322664,-150.653160000000
3.200000000000,0.970000000000,3.009591159981,-150.653570000000
3.050000000000,0.970000000000,2.917779399330,-150.653700000000
3.100000000000,0.970000000000,3.420296083411,-150.653220000000
3.150000000000,0.970000000000,3.046597580150,-150.653530000000
3.100000000000,0.970000000000,3.479574361506,-150.653180000000
3.100000000000,0.970000000000,3.631427278191,-150.653080000000
3.300000000000,0.970000000000,3.189661498224,-150.653330000000
3.100000000000,0.970000000000,3.215744770163,-150.653380000000
3.100000000000,0.970000000000,3.564565169634,-150.653120000000
3.250000000000,0.970000000000,3.141901640827,-150.653400000000
3.100000000000,0.970000000000,3.312161746216,-150.653300000000
3.200000000000,0.970000000000,2.858531419717,-150.653780000000
3.150000000000,0.970000000000,3.391485432525,-150.653200000000
3.500000000000,0.970000000000,3.113485421736,-150.653460000000
3.250000000000,0.970000000000,3.057280326750,-150.653500000000
3.250000000000,0.970000000000,2.906316456332,-150.653720000000
3.350000000000,0.970000000000,3.254404646091,-150.653250000000
3.300000000000,0.970000000000,3.105042196562,-150.653440000000
3.050000000000,0.970000000000,3.704230734959,-150.653050000000
3.150000000000,0.970000000000,3.279748213547,-150.653300000000
3.150000000000,0.970000000000,2.945065951779,-150.653650000000
3.100000000000,0.970000000000,2.999060229931,-150.653600000000
3.200000000000,0.970000000000,2.992683038550,-150.653590000000
3.150000000000,0.970000000000,3.230652904437,-150.653340000000
3.050000000000,0.970000000000,2.951604260420,-150.653670000000
3.050000000000,0.970000000000,3.556692384376,-150.653160000000
3.200000000000,0.970000000000,3.128003173693,-150.653420000000
3.200000000000,0.970000000000,3.294844212348,-150.653260000000
3.450000000000,0.970000000000,2.937917395487,-150.653760000000
3.150000000000,0.970000000000,3.063497232901,-150.653510000000
3.100000000000,0.970000000000,3.450181972132,-150.653200000000
3.150000000000,0.970000000000,2.911295600553,-150.653700000000
3.350000000000,0.970000000000,3.135979383846,-150.653400000000
3.100000000000,0.970000000000,3.591762381719,-150.653100000000
3.250000000000,0.970000000000,3.175702064483,-150.653360000000
3.150000000000,0.970000000000,2.827447484891,-150.653820000000
3.150000000000,0.970000000000,3.029683171324,-150.653550000000
3.050000000000,0.970000000000,3.357212574034,-150.653300000000
3.150000000000,0.970000000000,3.375797497471,-150.653220000000
3.150000000000,0.970000000000,3.097232903321,-150.653470000000
3.500000000000,0.970000000000,3.097216201019,-150.653480000000
3.150000000000,0.970000000000,3.295967232847,-150.653280000000
3.500000000000,0.970000000000,3.448957367291,-150.653030000000
3.100000000000,0.970000000000,3.032827782644,-150.653560000000
3.350000000000,0.970000000000,3.102263431101,-150.653440000000
3.450000000000,0.970000000000,3.198161433859,-150.653320000000
3.050000000000,0.970000000000,2.985358372365,-150.653630000000
3.200000000000,0.970000000000,2.958925675704,-150.653630000000
3.150000000000,0.970000000000,3.483381739429,-150.653140000000
3.400000000000,0.970000000000,3.167016720800,-150.653360000000
3.200000000000,0.970000000000,3.144866328384,-150.653410000000
3.200000000000,0.970000000000,2.809121073866,-150.653860000000
3.250000000000,0.970000000000,2.989803583082,-150.653590000000
3.250000000000,0.970000000000,2.873340379713,-150.653780000000
3.250000000000,0.970000000000,3.293075771843,-150.653240000000
3.150000000000,0.970000000000,2.894448544052,-150.653720000000
3.450000000000,0.970000000000,3.417773068370,-150.653070000000
3.050000000000,0.970000000000,3.019003672465,-150.653600000000
3.400000000000,0.970000000000,3.386599809336,-150.653110000000
3.350000000000,0.970000000000,2.952872279959,-150.653680000000
3.200000000000,0.970000000000,3.178504697660,-150.653370000000
3.250000000000,0.970000000000,3.359071102744,-150.653180000000
3.150000000000,0.970000000000,3.114059445363,-150.653450000000
3.200000000000,0.970000000000,3.228673894363,-150.653320000000
3.250000000000,0.970000000000,2.840677891671,-150.653830000000
3.050000000000,0.970000000000,3.445917328429,-150.653240000000
3.050000000000,0.970000000000,3.768639780853,-150.653000000000
3.300000000000,0.970000000000,3.037593127960,-150.653530000000
3.350000000000,0.970000000000,3.051954442160,-150.653520000000
3.450000000000,0.970000000000,3.451364141216,-150.653040000000
3.200000000000,0.970000000000,3.245302343393,-150.653300000000
3.350000000000,0.970000000000,3.085452731229,-150.653470000000
3.400000000000,0.970000000000,3.133379182651,-150.653410000000
3.050000000000,0.970000000000,2.765783419657,-150.653880000000
3.350000000000,0.970000000000,3.355430526305,-150.653150000000
3.250000000000,0.970000000000,2.973010571748,-150.653620000000
3.500000000000,0.970000000000,4.440480482495,-150.652600000000
3.100000000000,0.970000000000,3.796923054877,-150.652970000000
3.500000000000,0.970000000000,3.229420721045,-150.653290000000
3.250000000000,0.970000000000,3.259741339193,-150.653270000000
3.150000000000,0.970000000000,2.860858948283,-150.653770000000
3.450000000000,0.970000000000,3.032842056330,-150.653580000000
3.050000000000,0.970000000000,3.645665959635,-150.653090000000
3.100000000000,0.970000000000,3.248214894369,-150.653350000000
3.200000000000,0.970000000000,2.908520572513,-150.653710000000
3.150000000000,0.970000000000,3.147606866198,-150.653420000000
3.300000000000,0.970000000000,3.307554052114,-150.653210000000
3.250000000000,0.970000000000,2.939556071781,-150.653670000000
3.450000000000,0.970000000000,3.164619404315,-150.653370000000
3.450000000000,0.970000000000,3.081704074047,-150.653490000000
3.450000000000,0.970000000000,2.892215215305,-150.653850000000
3.200000000000,0.970000000000,3.633459385059,-150.653020000000
3.500000000000,0.970000000000,3.195991225473,-150.653330000000
3.100000000000,0.970000000000,3.015954528812,-150.653580000000
3.250000000000,0.970000000000,3.023492257062,-150.653550000000
3.100000000000,0.970000000000,3.066492247146,-150.653520000000
3.350000000000,0.970000000000,3.372146369482,-150.653130000000
3.250000000000,0.970000000000,3.091124043203,-150.653460000000
3.300000000000,0.970000000000,2.808813848400,-150.653930000000
3.050000000000,0.970000000000,3.817174328280,-150.652960000000
3.450000000000,0.970000000000,3.131268366851,-150.653420000000
3.250000000000,0.970000000000,3.276433089479,-150.653250000000
3.300000000000,0.970000000000,2.970747894899,-150.653630000000
3.400000000000,0.970000000000,3.436776142883,-150.653060000000
3.400000000000,0.970000000000,3.200771021898,-150.653320000000
3.450000000000,0.970000000000,2.907300624113,-150.653820000000
3.200000000000,0.970000000000,3.501272324021,-150.653100000000
3.150000000000,0.970000000000,3.180983565260,-150.653390000000
3.100000000000,0.970000000000,2.863746321388,-150.653760000000
3.500000000000,0.970000000000,3.313652400484,-150.653180000000
3.300000000000,0.970000000000,3.088143194059,-150.653460000000
3.500000000000,0.970000000000,4.097444545585,-150.652680000000
3.100000000000,0.970000000000,3.753110777380,-150.653000000000
3.250000000000,0.970000000000,2.922906395462,-150.653700000000
3.500000000000,0.970000000000,3.279875244973,-150.653220000000
3.050000000000,0.970000000000,3.085822272114,-150.653530000000
3.100000000000,0.970000000000,2.763196508365,-150.653900000000
3.500000000000,0.970000000000,3.179355989311,-150.653360000000
3.150000000000,0.970000000000,2.794261977696,-150.653870000000
3.350000000000,0.970000000000,3.018659356975,-150.653570000000
3.300000000000,0.970000000000,3.374065656606,-150.653150000000
3.100000000000,0.970000000000,3.857072667093,-150.652930000000
3.050000000000,0.970000000000,3.200531205909,-150.653430000000
3.400000000000,0.970000000000,3.066637502520,-150.653510000000
3.050000000000,0.970000000000,2.699055390317,-150.653970000000
3.250000000000,0.970000000000,2.889792380085,-150.653750000000
3.450000000000,0.970000000000,3.114679249983,-150.653440000000
3.400000000000,0.970000000000,3.469983616558,-150.653030000000
3.200000000000,0.970000000000,3.261876323379,-150.653290000000
3.500000000000,0.970000000000,3.146274412464,-150.653410000000
3.300000000000,0.970000000000,2.954174810532,-150.653660000000
3.100000000000,0.970000000000,3.618359604311,-150.653090000000
3.450000000000,0.970000000000,3.181369461080,-150.653350000000
3.050000000000,0.970000000000,3.876899992999,-150.652910000000
3.200000000000,0.970000000000,2.841988740301,-150.653810000000
3.150000000000,0.970000000000,3.767185838657,-150.652970000000
3.250000000000,0.970000000000,3.326196842197,-150.653210000000
3.050000000000,0.970000000000,3.118926012294,-150.653500000000
3.100000000000,0.970000000000,2.730102748523,-150.653950000000
3.350000000000,0.970000000000,3.454936782480,-150.653060000000
3.300000000000,0.970000000000,3.206573876331,-150.653320000000
3.300000000000,0.970000000000,2.921237108560,-150.653710000000
3.300000000000,0.970000000000,3.390552345582,-150.653130000000
3.400000000000,0.970000000000,2.858939426567,-150.653890000000
3.100000000000,0.970000000000,3.182983595136,-150.653410000000
3.350000000000,0.970000000000,2.985615514429,-150.653620000000
3.400000000000,0.970000000000,3.033628190797,-150.653560000000
3.050000000000,0.970000000000,3.758364175348,-150.653010000000
3.500000000000,0.970000000000,3.246203264979,-150.653260000000
3.050000000000,0.970000000000,2.666058460262,-150.654020000000
3.150000000000,0.970000000000,3.080377266976,-150.653490000000
3.100000000000,0.970000000000,2.846890554367,-150.653780000000
3.500000000000,0.970000000000,3.129840251514,-150.653430000000
3.050000000000,0.970000000000,3.884626448715,-150.652900000000
3.350000000000,0.970000000000,3.321876050268,-150.653180000000
3.250000000000,0.970000000000,3.709839608647,-150.652950000000
3.200000000000,0.970000000000,2.925283888978,-150.653680000000
3.050000000000,0.970000000000,3.151781741636,-150.653470000000
3.050000000000,0.970000000000,2.156099855800,-150.655050000000
3.250000000000,0.970000000000,2.824480260794,-150.653860000000
3.050000000000,0.970000000000,2.633373423987,-150.654070000000
3.450000000000,0.970000000000,2.576384765788,-150.654810000000
3.100000000000,0.970000000000,3.669679148940,-150.653050000000
3.150000000000,0.970000000000,3.263453565726,-150.653310000000
3.500000000000,0.970000000000,3.924475476897,-150.652740000000
3.300000000000,0.970000000000,3.423327284089,-150.653110000000
3.100000000000,0.970000000000,2.697302512404,-150.654000000000
3.350000000000,0.970000000000,3.152873465353,-150.653380000000
3.300000000000,0.970000000000,2.904885001231,-150.653740000000
3.150000000000,0.970000000000,2.745015638757,-150.653950000000
3.100000000000,0.970000000000,3.786242574344,-150.652980000000
3.200000000000,0.970000000000,3.327544960002,-150.653230000000
3.200000000000,0.970000000000,2.776586115224,-150.653920000000
3.400000000000,0.970000000000,3.000925279496,-150.653610000000
3.100000000000,0.970000000000,2.221789214810,-150.655100000000
3.200000000000,0.970000000000,3.531517489210,-150.653080000000
3.050000000000,0.970000000000,3.906571461647,-150.652880000000
3.050000000000,0.970000000000,3.069187638711,-150.653550000000
3.300000000000,0.970000000000,2.856372464242,-150.653830000000
3.250000000000,0.970000000000,3.391666257166,-150.653150000000
3.050000000000,0.970000000000,3.860836648848,-150.652920000000
3.200000000000,0.970000000000,3.077294801459,-150.653480000000
3.050000000000,0.970000000000,3.184357723484,-150.653440000000
3.350000000000,0.970000000000,2.936629174996,-150.653710000000
3.100000000000,0.970000000000,3.718381254872,-150.653020000000
3.450000000000,0.970000000000,3.231848281354,-150.653280000000
3.150000000000,0.970000000000,2.255068953383,-150.655210000000
3.200000000000,0.970000000000,3.195270699179,-150.653350000000
3.050000000000,0.970000000000,2.617164157272,-150.654090000000
3.450000000000,0.970000000000,3.016740276701,-150.653610000000
3.100000000000,0.970000000000,2.664847333673,-150.654050000000
3.100000000000,0.970000000000,3.807418942059,-150.652960000000
3.500000000000,0.970000000000,3.296753437371,-150.653200000000
3.300000000000,0.970000000000,2.872446175645,-150.653800000000
3.400000000000,0.970000000000,4.340666094784,-150.652650000000
3.150000000000,0.970000000000,3.705717301709,-150.653000000000
3.150000000000,0.970000000000,2.712613941839,-150.654010000000
3.300000000000,0.970000000000,3.471934126375,-150.653070000000
3.050000000000,0.970000000000,3.938970119666,-150.652850000000
3.200000000000,0.970000000000,2.760459650698,-150.653950000000
3.400000000000,0.970000000000,2.968579392354,-150.653670000000
3.250000000000,0.970000000000,3.423951127967,-150.653130000000
3.100000000000,0.970000000000,3.901878497878,-150.652900000000
3.050000000000,0.970000000000,3.216623367584,-150.653420000000
3.300000000000,0.970000000000,2.824549560865,-150.653890000000
3.500000000000,0.970000000000,3.064960062616,-150.653540000000
3.150000000000,0.970000000000,3.328163280903,-150.653250000000
3.050000000000,0.970000000000,3.950445946459,-150.652840000000
3.100000000000,0.970000000000,3.280363634289,-150.653330000000
3.350000000000,0.970000000000,2.765649155332,-150.654060000000
3.350000000000,0.970000000000,2.904432257801,-150.653770000000
3.050000000000,0.970000000000,3.248549192038,-150.653390000000
3.050000000000,0.970000000000,3.529865041789,-150.653180000000
3.050000000000,0.970000000000,3.843967347668,-150.652940000000
3.050000000000,0.970000000000,2.585045552405,-150.654140000000
3.450000000000,0.970000000000,3.000742060142,-150.653630000000
3.250000000000,0.970000000000,2.776500725558,-150.653960000000
3.100000000000,0.970000000000,3.775379201168,-150.652990000000
3.100000000000,0.970000000000,2.632790240555,-150.654110000000
3.350000000000,0.970000000000,3.487606629194,-150.653040000000
3.350000000000,0.970000000000,2.856959235246,-150.653860000000
3.150000000000,0.970000000000,3.542290202877,-150.653100000000
3.100000000000,0.970000000000,3.926363228762,-150.652880000000
3.400000000000,0.970000000000,2.936642381339,-150.653730000000
3.200000000000,0.970000000000,2.728522005825,-150.654010000000
3.150000000000,0.970000000000,3.360012174241,-150.653230000000
3.450000000000,0.970000000000,3.904094861336,-150.652760000000
3.300000000000,0.970000000000,3.223470699431,-150.653300000000
3.050000000000,0.970000000000,3.961063899747,-150.652830000000
3.500000000000,0.970000000000,3.033123495167,-150.653600000000
3.250000000000,0.970000000000,2.683915114121,-150.654160000000
3.400000000000,0.970000000000,3.420095000274,-150.653080000000
3.350000000000,0.970000000000,2.825937600983,-150.653930000000
3.400000000000,0.970000000000,3.150180546649,-150.653380000000
3.200000000000,0.970000000000,3.423735219169,-150.653150000000
3.100000000000,0.970000000000,3.875586791754,-150.652920000000
3.150000000000,0.970000000000,2.664787557064,-150.654090000000
3.100000000000,0.970000000000,2.813278500826,-150.653830000000
3.250000000000,0.970000000000,3.667663036531,-150.652970000000
3.350000000000,0.970000000000,3.305046495747,-150.653200000000
3.200000000000,0.970000000000,2.697050057445,-150.654080000000
3.200000000000,0.970000000000,3.619292403368,-150.653020000000
3.200000000000,0.970000000000,4.033137226892,-150.652810000000
3.400000000000,0.970000000000,3.663179735412,-150.652900000000
3.250000000000,0.970000000000,2.669003367225,-150.654190000000
3.050000000000,0.970000000000,2.934698240983,-150.653690000000
3.250000000000,0.970000000000,2.760734394699,-150.653990000000
3.050000000000,0.970000000000,3.926642943679,-150.652860000000
3.300000000000,0.970000000000,3.172738509247,-150.653350000000
3.500000000000,0.970000000000,3.001759247931,-150.653660000000
3.200000000000,0.970000000000,3.455063658438,-150.653130000000
3.100000000000,0.970000000000,2.601185723517,-150.654160000000
3.100000000000,0.970000000000,3.343581041053,-150.653270000000
3.300000000000,0.970000000000,4.204690002822,-150.652710000000
3.150000000000,0.970000000000,2.844127995729,-150.653790000000
3.250000000000,0.970000000000,3.503110933181,-150.653070000000
3.250000000000,0.970000000000,2.729583140504,-150.654050000000
3.100000000000,0.970000000000,3.893313663310,-150.652900000000
3.100000000000,0.970000000000,3.827850328502,-150.652950000000
3.150000000000,0.970000000000,3.407072578850,-150.653190000000
3.150000000000,0.970000000000,2.618057156335,-150.654190000000
3.300000000000,0.970000000000,2.793204406501,-150.653960000000
3.200000000000,0.970000000000,3.661372451797,-150.653000000000
3.100000000000,0.970000000000,3.374594350314,-150.653250000000
3.050000000000,0.970000000000,3.987713033937,-150.652800000000
3.250000000000,0.970000000000,2.808380417395,-150.653890000000
3.200000000000,0.970000000000,3.575982191230,-150.653050000000
3.150000000000,0.970000000000,3.967853525762,-150.652850000000
3.250000000000,0.970000000000,3.192572127516,-150.653340000000
3.200000000000,0.970000000000,2.681506016974,-150.654110000000
3.500000000000,0.970000000000,3.364420062062,-150.653120000000
3.200000000000,0.970000000000,2.875138351145,-150.653760000000
3.050000000000,0.970000000000,2.522201166732,-150.654250000000
3.200000000000,0.970000000000,3.804029283846,-150.652930000000
3.500000000000,0.970000000000,4.270462898210,-150.652630000000
3.300000000000,0.970000000000,2.937669144066,-150.653690000000
3.100000000000,0.970000000000,4.029546961341,-150.652790000000
3.050000000000,0.970000000000,3.342008786590,-150.653310000000
3.050000000000,0.970000000000,3.955862544739,-150.652830000000
3.100000000000,0.970000000000,2.585570597633,-150.654190000000
3.100000000000,0.970000000000,3.918404516819,-150.652880000000
3.050000000000,0.970000000000,2.782582926937,-150.653860000000
3.250000000000,0.970000000000,3.375405542659,-150.653170000000
3.150000000000,0.970000000000,3.743100008786,-150.652980000000
3.350000000000,0.970000000000,3.271306023260,-150.653240000000
3.250000000000,0.970000000000,2.714212191818,-150.654090000000
3.350000000000,0.970000000000,4.189428980665,-150.652710000000
3.300000000000,0.970000000000,3.503923649983,-150.653040000000
3.100000000000,0.970000000000,2.554750190010,-150.654250000000
3.300000000000,0.970000000000,2.762392096789,-150.654030000000
3.350000000000,0.970000000000,4.283026534987,-150.652670000000
3.500000000000,0.970000000000,3.381348648654,-150.653100000000
3.350000000000,0.970000000000,2.810635581250,-150.653960000000
3.100000000000,0.970000000000,3.866427441649,-150.652920000000
3.350000000000,0.970000000000,3.288188242996,-150.653220000000
3.200000000000,0.970000000000,2.650837074534,-150.654180000000
3.050000000000,0.970000000000,4.003885532023,-150.652780000000
3.400000000000,0.970000000000,3.217678115225,-150.653300000000
3.050000000000,0.970000000000,2.816281930619,-150.653820000000
3.150000000000,0.970000000000,4.019413047017,-150.652820000000
3.050000000000,0.970000000000,2.491588991690,-150.654300000000
3.150000000000,0.970000000000,3.942676450319,-150.652870000000
3.500000000000,0.970000000000,2.955716358711,-150.653750000000
3.350000000000,0.970000000000,2.666969890436,-150.654320000000
3.150000000000,0.970000000000,3.468347412060,-150.653150000000
3.250000000000,0.970000000000,3.790225600259,-150.652910000000
3.150000000000,0.970000000000,3.778971795755,-150.652960000000
3.450000000000,0.970000000000,3.788007049455,-150.652810000000
3.150000000000,0.970000000000,2.587606620346,-150.654250000000
3.350000000000,0.970000000000,3.503829788879,-150.653020000000
3.400000000000,0.970000000000,2.843820409319,-150.653920000000
3.300000000000,0.970000000000,3.455811092350,-150.653080000000
3.200000000000,0.970000000000,2.792808778027,-150.653890000000
3.150000000000,0.970000000000,2.633500506399,-150.654160000000
3.500000000000,0.970000000000,2.925770178120,-150.653810000000
3.100000000000,0.970000000000,3.435299245856,-150.653210000000
3.450000000000,0.970000000000,2.791438478557,-150.654100000000
3.150000000000,0.970000000000,4.079395055089,-150.652770000000
3.300000000000,0.970000000000,3.240347104152,-150.653280000000
3.150000000000,0.970000000000,4.025941011780,-150.652810000000
3.350000000000,0.970000000000,2.780484248823,-150.654030000000
3.450000000000,0.970000000000,2.713082263326,-150.654320000000
3.100000000000,0.970000000000,2.334681723429,-150.654770000000
3.200000000000,0.970000000000,3.561285038842,-150.653060000000
3.200000000000,0.970000000000,3.955573470497,-150.652850000000
3.150000000000,0.970000000000,3.498296141423,-150.653130000000
3.150000000000,0.970000000000,3.886959904845,-150.652900000000
3.300000000000,0.970000000000,2.673719058210,-150.654240000000
3.150000000000,0.970000000000,3.802019946918,-150.652950000000
3.050000000000,0.970000000000,2.461594843941,-150.654360000000
3.250000000000,0.970000000000,3.609531486461,-150.653000000000
3.350000000000,0.970000000000,2.722192552553,-150.654170000000
3.150000000000,0.970000000000,2.543130842118,-150.654350000000
3.150000000000,0.970000000000,3.527753277175,-150.653110000000
3.150000000000,0.970000000000,3.924889556216,-150.652880000000
3.100000000000,0.970000000000,3.464941309768,-150.653190000000
3.200000000000,0.970000000000,3.791867134940,-150.652930000000
3.400000000000,0.970000000000,2.814059947558,-150.653990000000
3.200000000000,0.970000000000,4.129246822039,-150.652750000000
3.200000000000,0.970000000000,3.702150872157,-150.652980000000
3.450000000000,0.970000000000,3.248731934266,-150.653260000000
3.450000000000,0.970000000000,2.862525375699,-150.653920000000
3.150000000000,0.970000000000,4.055376220729,-150.652790000000
3.250000000000,0.970000000000,2.654259170582,-150.654230000000
3.150000000000,0.970000000000,3.626654228399,-150.653050000000
3.200000000000,0.970000000000,3.964989757824,-150.652840000000
3.100000000000,0.970000000000,2.796533771397,-150.653850000000
3.300000000000,0.970000000000,3.913780666078,-150.652830000000
3.100000000000,0.970000000000,2.480431179949,-150.654410000000
3.400000000000,0.970000000000,2.770720300593,-150.654100000000
3.200000000000,0.970000000000,2.576947073641,-150.654350000000
3.400000000000,0.970000000000,2.784983783968,-150.654070000000
3.200000000000,0.970000000000,2.591377726133,-150.654310000000
3.250000000000,0.970000000000,3.455895624430,-150.653100000000
3.250000000000,0.970000000000,3.852861399141,-150.652880000000
3.050000000000,0.970000000000,2.432278797243,-150.654410000000
3.500000000000,0.970000000000,2.882114285676,-150.653920000000
3.150000000000,0.970000000000,3.437931211624,-150.653170000000
3.150000000000,0.970000000000,3.856497987315,-150.652920000000
3.500000000000,0.970000000000,2.774468346944,-150.654200000000
3.250000000000,0.970000000000,4.143705643734,-150.652740000000
3.450000000000,0.970000000000,3.265635059559,-150.653240000000
3.250000000000,0.970000000000,3.653327743069,-150.652980000000
3.100000000000,0.970000000000,4.051019818468,-150.652780000000
3.200000000000,0.970000000000,3.604988702190,-150.653030000000
3.200000000000,0.970000000000,4.017316174559,-150.652820000000
3.150000000000,0.970000000000,2.514367111523,-150.654420000000
3.200000000000,0.970000000000,3.839487272653,-150.652910000000
3.450000000000,0.970000000000,2.833524080775,-150.653990000000
3.250000000000,0.970000000000,3.681861922160,-150.652960000000
3.250000000000,0.970000000000,2.625302822779,-150.654300000000
3.150000000000,0.970000000000,4.083540910910,-150.652770000000
3.150000000000,0.970000000000,4.032256532013,-150.652810000000
3.450000000000,0.970000000000,2.677202661814,-150.654440000000
3.350000000000,0.970000000000,3.438498018085,-150.653080000000
3.150000000000,0.970000000000,3.959663333579,-150.652860000000
3.450000000000,0.970000000000,2.764409897242,-150.654170000000
3.100000000000,0.970000000000,3.522687639313,-150.653150000000
3.350000000000,0.970000000000,2.750984011053,-150.654100000000
3.250000000000,0.970000000000,4.174705016412,-150.652730000000
3.450000000000,0.970000000000,3.282552247360,-150.653220000000
3.150000000000,0.970000000000,2.528655280857,-150.654390000000
3.300000000000,0.970000000000,2.747203279353,-150.654060000000
3.250000000000,0.970000000000,3.579704346815,-150.653020000000
3.450000000000,0.970000000000,4.417117964729,-150.652610000000
3.500000000000,0.970000000000,2.867927538486,-150.653950000000
3.050000000000,0.970000000000,2.403702022677,-150.654470000000
3.200000000000,0.970000000000,2.605989467054,-150.654280000000
3.200000000000,0.970000000000,3.862249042168,-150.652900000000
3.250000000000,0.970000000000,4.190961106106,-150.652720000000
3.200000000000,0.970000000000,3.767041030104,-150.652950000000
3.350000000000,0.970000000000,2.694168227511,-150.654250000000
3.150000000000,0.970000000000,4.100948117924,-150.652760000000
3.150000000000,0.970000000000,2.500273936044,-150.654460000000
3.100000000000,0.970000000000,4.005616354853,-150.652810000000
3.150000000000,0.970000000000,3.599095038459,-150.653070000000
3.200000000000,0.970000000000,3.945962353800,-150.652850000000
3.200000000000,0.970000000000,2.283284343137,-150.655310000000
3.250000000000,0.970000000000,4.165248396320,-150.652730000000
3.100000000000,0.970000000000,3.550747687736,-150.653130000000
3.200000000000,0.970000000000,3.884291568309,-150.652890000000
3.250000000000,0.970000000000,2.597105330304,-150.654370000000
3.500000000000,0.970000000000,2.840144705871,-150.654020000000
3.250000000000,0.970000000000,2.543226908703,-150.654530000000
3.100000000000,0.970000000000,4.065950648833,-150.652760000000
3.450000000000,0.970000000000,3.299478167876,-150.653200000000
3.150000000000,0.970000000000,3.824357106196,-150.652940000000
3.500000000000,0.970000000000,4.322513781563,-150.652620000000
3.500000000000,0.970000000000,3.482629750975,-150.653000000000
3.100000000000,0.970000000000,2.438013272950,-150.654510000000
3.100000000000,0.970000000000,3.976287579984,-150.652840000000
3.500000000000,0.970000000000,2.672258539281,-150.654530000000
3.300000000000,0.970000000000,2.382625153607,-150.655240000000
3.400000000000,0.970000000000,2.742778811507,-150.654180000000
3.300000000000,0.970000000000,3.960267639721,-150.652810000000
3.200000000000,0.970000000000,2.534816777820,-150.654460000000
3.250000000000,0.970000000000,4.200809833648,-150.652710000000
3.300000000000,0.970000000000,2.732168826936,-150.654100000000
3.200000000000,0.970000000000,4.137346966961,-150.652750000000
3.350000000000,0.970000000000,2.445911629761,-150.655110000000
3.450000000000,0.970000000000,3.680082744267,-150.652870000000
3.200000000000,0.970000000000,4.062289330262,-150.652790000000
3.500000000000,0.970000000000,3.432080945920,-150.653050000000
3.500000000000,0.970000000000,2.726289314636,-150.654350000000
3.100000000000,0.970000000000,3.578237562377,-150.653110000000
3.400000000000,0.970000000000,2.495542269431,-150.655030000000
3.150000000000,0.970000000000,3.915699486758,-150.652880000000
3.350000000000,0.970000000000,2.680462117652,-150.654290000000
3.450000000000,0.970000000000,3.316407571080,-150.653180000000
3.250000000000,0.970000000000,3.750716536156,-150.652930000000
3.250000000000,0.970000000000,4.203643731648,-150.652710000000
3.450000000000,0.970000000000,2.545187367648,-150.654940000000
3.300000000000,0.970000000000,4.124345620579,-150.652740000000
3.350000000000,0.970000000000,4.248940374723,-150.652690000000
3.500000000000,0.970000000000,3.499416329116,-150.652990000000
3.500000000000,0.970000000000,3.821337512004,-150.652780000000
3.100000000000,0.970000000000,4.041277995804,-150.652780000000
3.200000000000,0.970000000000,2.507773762047,-150.654540000000
3.150000000000,0.970000000000,3.653623903173,-150.653030000000
3.100000000000,0.970000000000,3.982580422723,-150.652830000000
3.500000000000,0.970000000000,2.581459487301,-150.654890000000
3.250000000000,0.970000000000,3.471731118336,-150.653090000000
3.150000000000,0.970000000000,2.680617166534,-150.654060000000
3.250000000000,0.970000000000,2.569726583319,-150.654450000000
3.050000000000,0.970000000000,2.362359069005,-150.654560000000
3.200000000000,0.970000000000,3.816021374334,-150.652920000000
3.250000000000,0.970000000000,4.041449024034,-150.652790000000
3.250000000000,0.970000000000,2.530325641190,-150.654570000000
3.100000000000,0.970000000000,2.410768202837,-150.654570000000
3.200000000000,0.970000000000,4.009098496968,-150.652820000000
3.400000000000,0.970000000000,2.715666628699,-150.654250000000
3.200000000000,0.970000000000,3.915975332440,-150.652870000000
3.450000000000,0.970000000000,3.333335286335,-150.653160000000
3.050000000000,0.970000000000,2.569149869217,-150.654170000000
3.350000000000,0.970000000000,4.196894092192,-150.652700000000
3.500000000000,0.970000000000,2.800054817858,-150.654130000000
3.250000000000,0.970000000000,4.154913249448,-150.652740000000
3.350000000000,0.970000000000,3.583675554898,-150.652970000000
3.150000000000,0.970000000000,2.472703182660,-150.654530000000
3.100000000000,0.970000000000,4.044746953680,-150.652780000000
3.150000000000,0.970000000000,3.666881535787,-150.653030000000
3.400000000000,0.970000000000,4.365863765837,-150.652640000000
3.300000000000,0.970000000000,2.605005787980,-150.654430000000
3.300000000000,0.970000000000,3.439607535752,-150.653090000000
3.150000000000,0.970000000000,2.433001674347,-150.654640000000
3.350000000000,0.970000000000,2.653698949073,-150.654360000000
3.500000000000,0.970000000000,3.599157181534,-150.652910000000
3.300000000000,0.970000000000,4.264408571280,-150.652690000000
3.350000000000,0.970000000000,2.567619464161,-150.654640000000
3.500000000000,0.970000000000,2.662346413529,-150.654570000000
3.100000000000,0.970000000000,3.994527180336,-150.652820000000
3.100000000000,0.970000000000,3.644337918667,-150.653070000000
3.050000000000,0.970000000000,3.932912522158,-150.652860000000
3.450000000000,0.970000000000,3.350256221955,-150.653140000000
3.050000000000,0.970000000000,2.335903774620,-150.654610000000
3.050000000000,0.970000000000,3.892147905310,-150.652900000000
3.350000000000,0.970000000000,3.874580504130,-150.652820000000
3.300000000000,0.970000000000,3.642943404709,-150.652960000000
3.300000000000,0.970000000000,4.168356346934,-150.652730000000
3.100000000000,0.970000000000,2.466095500904,-150.654440000000
3.100000000000,0.970000000000,4.056403071843,-150.652770000000
3.250000000000,0.970000000000,3.594678900491,-150.653010000000
3.050000000000,0.970000000000,2.476510937184,-150.654330000000
3.050000000000,0.970000000000,3.944814871696,-150.652850000000
3.450000000000,0.970000000000,2.738271814713,-150.654250000000
3.200000000000,0.970000000000,2.468927724550,-150.654650000000
3.350000000000,0.970000000000,4.243190133249,-150.652690000000
3.500000000000,0.970000000000,2.787142781915,-150.654160000000
3.250000000000,0.970000000000,3.695921671744,-150.652950000000
3.200000000000,0.970000000000,2.494588293412,-150.654570000000
3.300000000000,0.970000000000,2.579064404394,-150.654510000000
3.100000000000,0.970000000000,4.015841593161,-150.652810000000
3.100000000000,0.970000000000,3.657089276815,-150.653060000000
3.150000000000,0.970000000000,2.420240041267,-150.654670000000
3.450000000000,0.970000000000,3.367165364706,-150.653120000000
3.500000000000,0.970000000000,3.615577154521,-150.652900000000
3.400000000000,0.970000000000,2.664164618763,-150.654400000000
3.300000000000,0.970000000000,4.265891369239,-150.652680000000
3.500000000000,0.970000000000,2.634515523784,-150.654670000000
3.250000000000,0.970000000000,4.187230765834,-150.652720000000
3.350000000000,0.970000000000,3.536033283161,-150.653000000000
3.150000000000,0.970000000000,4.094651721997,-150.652760000000
3.200000000000,0.970000000000,2.620774854159,-150.654240000000
3.250000000000,0.970000000000,2.505258091503,-150.654650000000
3.150000000000,0.970000000000,3.983621234838,-150.652840000000
3.400000000000,0.970000000000,3.869341686924,-150.652800000000
3.300000000000,0.970000000000,2.530157324833,-150.654670000000
3.300000000000,0.970000000000,2.554095037484,-150.654590000000
3.150000000000,0.970000000000,3.813278327959,-150.652940000000
3.450000000000,0.970000000000,2.665779296266,-150.654480000000
3.450000000000,0.970000000000,2.594039369786,-150.654740000000
3.500000000000,0.970000000000,4.392460765263,-150.652610000000
3.350000000000,0.970000000000,3.471307651385,-150.653050000000
3.150000000000,0.970000000000,4.038358685074,-150.652800000000
3.150000000000,0.970000000000,2.395471594339,-150.654750000000
3.150000000000,0.970000000000,3.991196387787,-150.652830000000
3.450000000000,0.970000000000,3.384057779258,-150.653100000000
3.150000000000,0.970000000000,2.557786242079,-150.654320000000
3.200000000000,0.970000000000,2.456467941899,-150.654690000000
3.200000000000,0.970000000000,3.895038572458,-150.652880000000
3.350000000000,0.970000000000,4.317136706533,-150.652660000000
3.350000000000,0.970000000000,4.274396137759,-150.652680000000
3.250000000000,0.970000000000,4.206252416539,-150.652710000000
3.250000000000,0.970000000000,3.638858822272,-150.652980000000
3.150000000000,0.970000000000,4.106351631077,-150.652750000000
3.350000000000,0.970000000000,2.590922611527,-150.654560000000
3.050000000000,0.970000000000,2.417894139050,-150.654440000000
3.350000000000,0.970000000000,3.645811227513,-150.652930000000
3.250000000000,0.970000000000,4.210792679229,-150.652710000000
3.400000000000,0.970000000000,3.551903162089,-150.652970000000
3.200000000000,0.970000000000,2.432327572319,-150.654760000000
3.100000000000,0.970000000000,3.706458478804,-150.653030000000
3.500000000000,0.970000000000,2.749860884181,-150.654270000000
3.050000000000,0.970000000000,3.994844566958,-150.652790000000
3.400000000000,0.970000000000,3.403368070907,-150.653090000000
3.250000000000,0.970000000000,2.493106910885,-150.654690000000
3.200000000000,0.970000000000,3.992055097676,-150.652830000000
3.250000000000,0.970000000000,3.876739771558,-150.652870000000
3.450000000000,0.970000000000,2.622955076551,-150.654630000000
3.250000000000,0.970000000000,2.481220819221,-150.654730000000
3.400000000000,0.970000000000,4.267693002474,-150.652670000000
3.450000000000,0.970000000000,2.585045650630,-150.654770000000
3.300000000000,0.970000000000,4.139854893532,-150.652740000000
3.150000000000,0.970000000000,4.065639007002,-150.652780000000
3.150000000000,0.970000000000,2.383480246276,-150.654780000000
3.050000000000,0.970000000000,3.681323730649,-150.653070000000
3.450000000000,0.970000000000,2.688899010514,-150.654400000000
3.200000000000,0.970000000000,3.936157919064,-150.652860000000
3.350000000000,0.970000000000,4.312673437527,-150.652660000000
3.100000000000,0.970000000000,2.509653326247,-150.654350000000
3.450000000000,0.970000000000,3.616211046307,-150.652910000000
3.300000000000,0.970000000000,4.233150578154,-150.652700000000
3.300000000000,0.970000000000,3.627940275778,-150.652960000000
3.250000000000,0.970000000000,4.097708863609,-150.652770000000
3.300000000000,0.970000000000,3.551212122146,-150.653010000000
3.300000000000,0.970000000000,2.518593841989,-150.654710000000
3.050000000000,0.970000000000,3.966049276985,-150.652820000000
3.350000000000,0.970000000000,2.579134626785,-150.654600000000
3.450000000000,0.970000000000,3.742409284555,-150.652840000000
3.250000000000,0.970000000000,3.815773139962,-150.652900000000
3.400000000000,0.970000000000,2.628150444277,-150.654520000000
3.150000000000,0.970000000000,2.360321748718,-150.654850000000
3.200000000000,0.970000000000,4.144558785878,-150.652740000000
3.400000000000,0.970000000000,3.519344246751,-150.653000000000
3.100000000000,0.970000000000,4.053822846501,-150.652770000000
3.200000000000,0.970000000000,2.420662181561,-150.654800000000
3.050000000000,0.970000000000,3.692864981811,-150.653060000000
3.050000000000,0.970000000000,3.979702678822,-150.652810000000
3.500000000000,0.970000000000,4.261078693711,-150.652630000000
3.250000000000,0.970000000000,2.469607290456,-150.654760000000
3.200000000000,0.970000000000,3.926161715883,-150.652860000000
3.400000000000,0.970000000000,4.280750205571,-150.652660000000
3.500000000000,0.970000000000,4.211210849290,-150.652650000000
3.400000000000,0.970000000000,4.304259034795,-150.652660000000
3.050000000000,0.970000000000,2.262548935561,-150.654780000000
3.300000000000,0.970000000000,4.224548752029,-150.652700000000
3.300000000000,0.970000000000,3.657825033490,-150.652950000000
3.350000000000,0.970000000000,2.556384341371,-150.654680000000
3.400000000000,0.970000000000,4.143063640436,-150.652700000000
3.200000000000,0.970000000000,2.409276715802,-150.654840000000
3.400000000000,0.970000000000,2.605493511149,-150.654600000000
3.300000000000,0.970000000000,3.864537642308,-150.652850000000
3.350000000000,0.970000000000,2.615287912289,-150.654480000000
3.350000000000,0.970000000000,3.938354027870,-150.652800000000
3.250000000000,0.970000000000,3.803080094261,-150.652900000000
3.050000000000,0.970000000000,2.446848258760,-150.654390000000
3.200000000000,0.970000000000,2.398178654329,-150.654880000000
3.300000000000,0.970000000000,4.258595922929,-150.652690000000
3.250000000000,0.970000000000,4.170086880278,-150.652730000000
3.250000000000,0.970000000000,3.624259107648,-150.652990000000
3.100000000000,0.970000000000,4.058760134156,-150.652770000000
3.500000000000,0.970000000000,4.241716049461,-150.652640000000
3.100000000000,0.970000000000,3.694365843079,-150.653040000000
3.300000000000,0.970000000000,2.507310384650,-150.654750000000
3.050000000000,0.970000000000,3.983817441465,-150.652810000000
3.500000000000,0.970000000000,4.047049778705,-150.652690000000
3.500000000000,0.970000000000,3.631927862720,-150.652890000000
3.400000000000,0.970000000000,4.319582907316,-150.652650000000
3.100000000000,0.970000000000,2.289290976819,-150.654900000000
3.500000000000,0.970000000000,3.980447759039,-150.652710000000
3.250000000000,0.970000000000,3.723613107116,-150.652940000000
3.150000000000,0.970000000000,2.349169846919,-150.654890000000
3.450000000000,0.970000000000,2.643779548320,-150.654550000000
3.150000000000,0.970000000000,4.103761687536,-150.652760000000
3.050000000000,0.970000000000,3.737256848792,-150.653030000000
3.350000000000,0.970000000000,4.053039307657,-150.652750000000
