r0,r1,r2,E
1.3,0.97,0.6195010460014869,-150.7224769
1.3,0.97,1.8909409902466365,-150.7212414
1.3,0.97,1.7641202584686924,-150.7202691
1.4,0.97,0.69348848606476,-150.7170081
1.4,0.97,1.849090920274797,-150.7157924
1.3,0.97,2.001119598201941,-150.7147987
1.4,0.97,1.9794775845453811,-150.7143181
1.3,0.97,1.6220049321749919,-150.7109659
1.2,0.97,0.553747967661715,-150.7102435
1.4,0.97,1.703202865192517,-150.7101252
1.2,0.97,1.803603101980101,-150.709654
1.4,0.97,2.092878309673263,-150.7065087
1.2,0.97,1.6808043732798283,-150.7052238
1.2,0.97,1.9101883869176315,-150.7051628
1.5,0.97,0.7733505121300751,-150.7030001
1.3,0.97,2.085881076206796,-150.7022887
1.3,0.97,0.785328748780234,-150.701957
1.5,0.97,1.9354984310367562,-150.701444
1.5,0.97,1.7863090438107287,-150.6984119
1.5,0.97,2.0690590099947137,-150.6982756
1.3,0.97,0.48201189394414656,-150.6982256
1.4,0.97,1.5435876290503574,-150.6970791
1.4,0.97,0.5637645800707624,-150.6949804
1.4,0.97,0.8554565767539299,-150.6935343
1.4,0.97,2.180185209088839,-150.6934819
1.3,0.97,1.466178609058376,-150.693346
1.2,0.97,1.9921325714483702,-150.6933422
1.2,0.97,0.7222717858326617,-150.6914846
1.2,0.97,1.5430165261590687,-150.6908796
1.5,0.97,2.1853602888067973,-150.689568
1.5,0.97,1.6234672227840803,-150.6888593
1.2,0.97,0.40846105085415785,-150.686377
1.3,0.97,2.155239837312607,-150.6854303
1.6,0.97,0.8574472280667229,-150.684923
1.6,0.97,2.0231586990764705,-150.683664
1.6,0.97,1.8710692130437079,-150.6825163
1.5,0.97,0.6506347190099091,-150.6815604
1.6,0.97,2.1595552472587944,-150.6795568
1.4,0.97,1.3723951662266896,-150.6776842
1.4,0.97,2.25166472754903,-150.676699
1.5,0.97,2.274975874109849,-150.6762038
1.2,0.97,2.0591560085117635,-150.6761796
1.6,0.97,1.7054702807000788,-150.6757883
1.5,0.97,0.9310588948946128,-150.6748991
1.5,0.97,1.4494118852692275,-150.6732175
1.7,0.97,0.9446483383919977,-150.6708388
1.6,0.97,2.278477466354812,-150.6707796
1.7,0.97,2.111915733818905,-150.6704071
1.7,0.97,1.957268504830137,-150.6703341
1.3,0.97,1.298515372032642,-150.6694685
1.2,0.97,1.391652492098298,-150.6671109
1.7,0.97,2.2508559583157868,-150.6665256
1.3,0.97,2.2086236560362797,-150.6664874
1.7,0.97,1.7893048743152058,-150.6659296
1.6,0.97,0.7408242527211458,-150.6654362
1.8,0.97,2.0447249203743767,-150.6637965
1.6,0.97,1.5290916042006804,-150.663608
1.8,0.97,2.2016368937349533,-150.6634197
1.1,0.97,1.7176467827669217,-150.6630681
1.1,0.97,0.49949181913423074,-150.6626444
1.1,0.97,1.8202086970240714,-150.6613142
1.8,0.97,1.87472531005081,-150.6609648
1.9,0.97,2.133283853592859,-150.6603674
1.8,0.97,2.3428670948665364,-150.6602166
1.9,0.97,2.2922089688677914,-150.6598565
1.5,0.97,2.3483886676267245,-150.6593584
1.7,0.97,2.372155040776121,-150.6592716
1.9,0.97,1.9615244181610523,-150.6585531
2.0,0.97,2.222813532440362,-150.6584463
1.4,0.97,2.306701913922908,-150.6581728
1.6,0.97,2.37019469867646,-150.658144
2.0,0.97,2.3835349592697384,-150.6579444
1.9,0.97,2.435508140682566,-150.6573686
2.0,0.97,2.049527042500051,-150.6572902
1.7,0.97,0.8332560286362068,-150.6572539
2.1,0.97,2.3132012450281967,-150.6572531
1.7,0.97,1.6110392468572334,-150.6570888
2.1,0.97,2.4755314272220508,-150.6568153
1.3,0.97,0.3740989241084004,-150.6566424
2.1,0.97,2.1385846143737117,-150.656526
2.2,0.97,2.404350224073024,-150.6564253
1.2,0.97,2.1107257491939877,-150.6562092
2.0,0.97,2.5287098652185738,-150.656079
2.2,0.97,2.568126319375099,-150.656064
2.2,0.97,2.2285706647384793,-150.6559805
2.3,0.97,2.4961770770520264,-150.6557953
2.3,0.97,2.319377128159596,-150.6555386
2.3,0.97,2.661257172347337,-150.6555034
2.1,0.97,2.622412488830929,-150.6554474
3.2,0.97,2.283284343137078,-150.65531
3.15,0.97,2.23363599902064,-150.65529
3.25,0.97,2.3329477077527687,-150.65529
2.4,0.97,2.5886096654381867,-150.6552831
3.2,0.97,2.2900131167706173,-150.65528
3.15,0.97,2.2404065783490927,-150.65526
3.25,0.97,2.339636406293307,-150.65526
3.2,0.97,2.297115832264383,-150.65525
3.15,0.97,2.2475528089280385,-150.65524
3.3,0.97,2.382625153607441,-150.65524
3.1,0.97,2.1840036997740984,-150.65523
3.25,0.97,2.3466973952256938,-150.65523
3.2,0.97,2.304586878961052,-150.65522
3.15,0.97,2.2550689533831494,-150.65521
3.3,0.97,2.3892754031975145,-150.65521
3.1,0.97,2.190817928911096,-150.6552
3.25,0.97,2.3541251837670627,-150.6552
3.2,0.97,2.3124204224494043,-150.65519
3.1,0.97,2.1980095793696957,-150.65518
3.15,0.97,2.2629490481178123,-150.65518
3.3,0.97,2.396296347006861,-150.65518
3.25,0.97,2.3619140598135333,-150.65517
3.35,0.97,2.4323158179185667,-150.65517
3.1,0.97,2.205572779652875,-150.65516
3.2,0.97,2.3206104180377567,-150.65516
2.4,0.97,2.4109113043674597,-150.6551542
3.15,0.97,2.2711869173794565,-150.65515
3.3,0.97,2.403682607794376,-150.65515
3.35,0.97,2.4389291484166224,-150.65514
3.1,0.97,2.2135014295440487,-150.65513
3.2,0.97,2.329150624336989,-150.65513
3.25,0.97,2.370058102860591,-150.65513
3.15,0.97,2.2797761874233093,-150.65512
3.3,0.97,2.411428589390242,-150.65512
3.05,0.97,2.134388564702539,-150.65511
3.35,0.97,2.445911629760527,-150.65511
3.1,0.97,2.221789214809953,-150.6551
3.25,0.97,2.3785511970433606,-150.6551
3.05,0.97,2.1412484113167993,-150.65509
3.15,0.97,2.2887103007047735,-150.65509
3.2,0.97,2.3380346168881356,-150.65509
3.4,0.97,2.482018906775459,-150.65509
3.1,0.97,2.230429621986612,-150.65508
3.3,0.97,2.4195284890996662,-150.65508
3.35,0.97,2.4532579923807525,-150.65508
2.2,0.97,2.7165641793815793,-150.6550747
3.05,0.97,2.1484875128986842,-150.65507
3.15,0.97,2.297982530035001,-150.65506
3.2,0.97,2.3472558017725156,-150.65506
3.25,0.97,2.387387044235258,-150.65506
3.4,0.97,2.488596759153201,-150.65506
3.05,0.97,2.15609985579955,-150.65505
3.1,0.97,2.2394159531755204,-150.65505
3.3,0.97,2.4279763102352185,-150.65505
3.35,0.97,2.4609627501269458,-150.65505
2.4,0.97,2.754869630758086,-150.6550471
3.05,0.97,2.1640791951335276,-150.65503
3.25,0.97,2.3965591771461434,-150.65503
3.4,0.97,2.495542269431068,-150.65503
3.1,0.97,2.248741340780971,-150.65502
3.15,0.97,2.3075859926379843,-150.65502
3.2,0.97,2.356807429145724,-150.65502
3.35,0.97,2.4690202121883664,-150.65502
3.05,0.97,2.172419070164883,-150.65501
3.3,0.97,2.436765874719497,-150.65501
3.4,0.97,2.5028502702612685,-150.655
3.05,0.97,2.1811128197615814,-150.65499
3.1,0.97,2.2583987621236394,-150.65499
3.15,0.97,2.317513664051582,-150.65499
3.2,0.97,2.3666826066405213,-150.65499
3.25,0.97,2.4060609723641506,-150.65499
3.45,0.97,2.531733688420809,-150.65499
1.4,0.97,1.1923340055954061,-150.6549813
3.3,0.97,2.4458908357022127,-150.65498
3.35,0.97,2.4774244951502453,-150.65498
3.4,0.97,2.5105153800158537,-150.65497
3.45,0.97,2.5382774214690174,-150.65497
3.05,0.97,2.1901535978378113,-150.65496
3.1,0.97,2.2683810538700966,-150.65496
3.15,0.97,2.3277583918192377,-150.65496
3.25,0.97,2.415885663288673,-150.65496
3.2,0.97,2.376874312587566,-150.65495
3.35,0.97,2.486169535130818,-150.65495
3.05,0.97,2.1995343887124674,-150.65494
3.3,0.97,2.455344690138508,-150.65494
3.45,0.97,2.5451873676483108,-150.65494
3.1,0.97,2.278680926222703,-150.65493
3.4,0.97,2.5185320142544256,-150.65493
3.15,0.97,2.3383129089236743,-150.65492
3.25,0.97,2.426026352905578,-150.65492
3.05,0.97,2.2092480223153173,-150.65491
3.2,0.97,2.3873754090070927,-150.65491
3.35,0.97,2.4952490999458825,-150.65491
3.1,0.97,2.2892909768193324,-150.6549
3.3,0.97,2.4651207912783364,-150.6549
3.4,0.97,2.5268943973339026,-150.6549
3.45,0.97,2.552458456765511,-150.6549
3.05,0.97,2.219287189177603,-150.65489
3.15,0.97,2.3491698469185134,-150.65489
3.5,0.97,2.581459487301479,-150.65489
3.2,0.97,2.3981786543288703,-150.65488
3.25,0.97,2.4364760263594767,-150.65488
3.1,0.97,2.300203704297442,-150.65487
3.3,0.97,2.4752123610199726,-150.65487
3.35,0.97,2.5046568012501855,-150.65487
3.45,0.97,2.5600854065987555,-150.65487
3.05,0.97,2.2296444551491668,-150.65486
3.4,0.97,2.5355965741078963,-150.65486
3.5,0.97,2.587970383719835,-150.65486
2.5,0.97,2.681585351988633,-150.6548525
3.15,0.97,2.360321748718444,-150.65485
3.05,0.97,2.240312275789633,-150.65484
3.1,0.97,2.311411521482141,-150.65484
3.2,0.97,2.409276715802111,-150.65484
3.25,0.97,2.4472275632817864,-150.65484
3.45,0.97,2.568062733940553,-150.65484
3.3,0.97,2.485612502084174,-150.65483
3.35,0.97,2.514386106607677,-150.65483
3.4,0.97,2.5446324216651415,-150.65483
3.5,0.97,2.594846094541236,-150.65483
3.15,0.97,2.3717610810133025,-150.65482
2.5,0.97,2.5030933607086565,-150.654813
3.05,0.97,2.251283010386787,-150.65481
3.45,0.97,2.576384765788001,-150.65481
3.1,0.97,2.322906768163005,-150.6548
3.2,0.97,2.4206621815613363,-150.6548
3.25,0.97,2.4582737498372946,-150.6548
3.35,0.97,2.5244303514456083,-150.6548
3.5,0.97,2.602081642009074,-150.6548
2.3,0.97,2.81111981598469,-150.6547926
3.3,0.97,2.496314209969087,-150.65479
3.4,0.97,2.5539956610586194,-150.65479
3.05,0.97,2.2625489355608366,-150.65478
3.15,0.97,2.3834802462760374,-150.65478
3.1,0.97,2.334681723429396,-150.65477
3.45,0.97,2.585045650630336,-150.65477
3.5,0.97,2.60967183853903,-150.65477
3.2,0.97,2.4323275723185205,-150.65476
3.25,0.97,2.4696072904559503,-150.65476
3.35,0.97,2.5347827508506193,-150.65476
3.05,0.97,2.2741022584188246,-150.65475
3.15,0.97,2.3954715943391003,-150.65475
3.3,0.97,2.507310384649659,-150.65475
3.4,0.97,2.5636798689794893,-150.65475
3.1,0.97,2.346728617538939,-150.65474
3.45,0.97,2.594039369785677,-150.65474
3.5,0.97,2.617611297363304,-150.65474
3.05,0.97,2.2859351292288297,-150.65473
3.2,0.97,2.4442653526560507,-150.65473
3.25,0.97,2.4812208192205976,-150.65473
3.35,0.97,2.5454364111682435,-150.65472
3.4,0.97,2.5736784893326368,-150.65472
3.1,0.97,2.3590396432985137,-150.65471
3.15,0.97,2.4077274335182,-150.65471
3.3,0.97,2.5185938419890324,-150.65471
3.5,0.97,2.6258944433262186,-150.65471
1.8,0.97,2.466329156919748,-150.6547038
3.05,0.97,2.2980396535888854,-150.6547
3.45,0.97,2.6033597487407887,-150.6547
1.8,0.97,1.6949258909438005,-150.6546966
3.2,0.97,2.4564679418991613,-150.65469
3.25,0.97,2.4931069108853117,-150.65469
3.35,0.97,2.556384341370627,-150.65468
3.4,0.97,2.5839848446735356,-150.65468
3.05,0.97,2.310407904070581,-150.65467
3.1,0.97,2.371606966941614,-150.65467
3.15,0.97,2.420240041266562,-150.65467
3.3,0.97,2.530157324833094,-150.65467
3.5,0.97,2.634515523783819,-150.65467
3.45,0.97,2.613000468449953,-150.65466
2.5,0.97,2.8489162198239955,-150.6546572
3.2,0.97,2.4689277245504657,-150.65465
3.25,0.97,2.5052580915028417,-150.65465
3.05,0.97,2.3230319313220886,-150.65464
3.1,0.97,2.384422738490192,-150.65464
3.15,0.97,2.4330016743468748,-150.65464
3.35,0.97,2.567619464160718,-150.65464
3.4,0.97,2.594592147469144,-150.65464
3.5,0.97,2.6434686195615673,-150.65464
3.3,0.97,2.5419935137630456,-150.65463
3.45,0.97,2.622955076551494,-150.65463
3.05,0.97,2.3359037746198865,-150.65461
3.1,0.97,2.397479101593084,-150.65461
3.2,0.97,2.481637060272982,-150.65461
3.25,0.97,2.5176668486433837,-150.65461
2.3,0.97,2.135276417745066,-150.6546014
3.15,0.97,2.4460045785118623,-150.6546
3.35,0.97,2.57913462678461,-150.6546
3.4,0.97,2.605493511148673,-150.6546
3.5,0.97,2.6527476559260488,-150.6546
3.05,0.97,2.3490154718626624,-150.65459
3.3,0.97,2.554095037484436,-150.65459
3.45,0.97,2.633216998463135,-150.65459
3.1,0.97,2.4107682028368416,-150.65457
3.15,0.97,2.45924099768797,-150.65457
3.2,0.97,2.4945882934116415,-150.65457
3.25,0.97,2.5303256411904687,-150.65457
3.5,0.97,2.6623464135286103,-150.65457
2.4,0.97,2.2263718694448853,-150.6545652
3.05,0.97,2.3623590690047576,-150.65456
3.35,0.97,2.590922611527154,-150.65456
3.4,0.97,2.6166819609132603,-150.65456
2.2,0.97,2.045013217390266,-150.6545578
3.3,0.97,2.5664544828346116,-150.65455
3.45,0.97,2.6437795483201745,-150.65455
3.1,0.97,2.4242822005281845,-150.65454
3.2,0.97,2.5077737620466225,-150.65454
2.4,0.97,2.9060399685731246,-150.6545365
3.05,0.97,2.37592662893009,-150.65453
3.15,0.97,2.4727031826599104,-150.65453
3.25,0.97,2.5432269087031574,-150.65453
3.5,0.97,2.6722585392811418,-150.65453
3.35,0.97,2.602976145869336,-150.65452
3.4,0.97,2.6281504442767756,-150.65452
3.1,0.97,2.4380132729504296,-150.65451
3.3,0.97,2.5790644043938853,-150.65451
3.45,0.97,2.654635939723327,-150.65451
3.05,0.97,2.3897102397707144,-150.6545
3.2,0.97,2.521185806574979,-150.6545
3.5,0.97,2.6824775571265986,-150.6545
3.15,0.97,2.486383399256825,-150.65449
3.25,0.97,2.5563630803369106,-150.65449
3.1,0.97,2.4519536260990438,-150.65448
3.35,0.97,2.6152879122891695,-150.65448
3.4,0.97,2.639891841313197,-150.65448
3.45,0.97,2.6657792962660585,-150.65448
2.5,0.97,2.3182014627578913,-150.654474
3.05,0.97,2.4037020226770736,-150.65447
3.3,0.97,2.591917333688949,-150.65447
3.15,0.97,2.5002739360435364,-150.65446
3.2,0.97,2.5348167778199246,-150.65446
3.5,0.97,2.6929968786694687,-150.65446
3.25,0.97,2.5697265833185052,-150.65445
3.05,0.97,2.4178941390495687,-150.65444
3.1,0.97,2.466095500904,-150.65444
3.35,0.97,2.6278505576910605,-150.65444
3.4,0.97,2.651898974589142,-150.65444
3.45,0.97,2.6772026618142006,-150.65444
3.3,0.97,2.605005787980089,-150.65443
2.1,0.97,1.955697506881771,-150.654422
3.15,0.97,2.5143671115228265,-150.65442
3.2,0.97,2.5486590446697717,-150.65442
3.5,0.97,2.7038098136340247,-150.65442
3.05,0.97,2.4322787972433106,-150.65441
3.1,0.97,2.480431179948823,-150.65441
3.25,0.97,2.5833098509731354,-150.65441
3.35,0.97,2.6406567024516163,-150.6544
3.4,0.97,2.6641646187632264,-150.6544
3.45,0.97,2.6888990105136483,-150.6544
3.05,0.97,2.4468482587598683,-150.65439
3.15,0.97,2.5286552808568525,-150.65439
3.2,0.97,2.5627050012508925,-150.65439
3.3,0.97,2.618322278626615,-150.65439
3.5,0.97,2.7149095801209766,-150.65439
3.1,0.97,2.4949529936981483,-150.65438
3.25,0.97,2.59710533030438,-150.65437
3.4,0.97,2.6766815098369183,-150.65437
3.05,0.97,2.4615948439414628,-150.65436
3.35,0.97,2.653698949072768,-150.65436
3.45,0.97,2.7008612565048775,-150.65436
3.1,0.97,2.5096533262472933,-150.65435
3.15,0.97,2.543130842117743,-150.65435
3.2,0.97,2.576947073641248,-150.65435
3.3,0.97,2.631859319027577,-150.65435
3.5,0.97,2.7262893146358964,-150.65435
3.25,0.97,2.6111054891300407,-150.65434
3.05,0.97,2.476510937184431,-150.65433
3.4,0.97,2.6894423540444317,-150.65433
3.1,0.97,2.5245246206087177,-150.65432
3.15,0.97,2.557786242079077,-150.65432
3.35,0.97,2.6669698904358006,-150.65432
3.45,0.97,2.713082263325935,-150.65432
2.9,0.97,2.0828099517037657,-150.6543107
3.2,0.97,2.591377726132887,-150.65431
3.3,0.97,2.6456094321372934,-150.65431
3.5,0.97,2.737942081865606,-150.65431
2.9,0.97,2.000064008806585,-150.6543087
3.05,0.97,2.49158899168988,-150.6543
3.25,0.97,2.625302822778951,-150.6543
3.15,0.97,2.572613981561374,-150.65429
3.35,0.97,2.680462117652432,-150.65429
3.4,0.97,2.7024398363719513,-150.65429
2.5,0.97,3.0012900523053703,-150.6542869
3.1,0.97,2.539559383551433,-150.65428
3.2,0.97,2.605989467053525,-150.65428
3.3,0.97,2.6595651575574757,-150.65428
3.45,0.97,2.725554852988374,-150.65428
2.9,0.97,1.947861749665965,-150.6542796
2.9,0.97,2.2040364381003164,-150.6542707
3.05,0.97,2.5068215337703306,-150.65427
3.5,0.97,2.7498608841814645,-150.65427
3.25,0.97,2.6396898603557206,-150.65426
3.05,0.97,2.5222011667317825,-150.65425
3.1,0.97,2.5547501900103318,-150.65425
3.15,0.97,2.587606620345927,-150.65425
3.35,0.97,2.694168227511453,-150.65425
3.4,0.97,2.7156666286990783,-150.65425
3.45,0.97,2.7382718147133365,-150.65425
2.7,0.97,2.6891341510266193,-150.6542491
3.2,0.97,2.620774854158698,-150.65424
3.3,0.97,2.6737190582097567,-150.65424
3.5,0.97,2.762038670851251,-150.65424
2.0,0.97,1.8674652386446882,-150.6542303
3.25,0.97,2.654259170582032,-150.65423
2.7,0.97,2.503739336210432,-150.654222
3.05,0.97,2.537720574351074,-150.65422
3.1,0.97,2.5700896870831356,-150.65422
3.15,0.97,2.6027567816722748,-150.65422
3.2,0.97,2.6357264996072733,-150.65421
3.35,0.97,2.7080808295216032,-150.65421
3.4,0.97,2.7291153975578277,-150.65421
3.45,0.97,2.7512259133175907,-150.65421
3.3,0.97,2.688063726594285,-150.6542
3.5,0.97,2.774468346943988,-150.6542
3.05,0.97,2.553372523968665,-150.65419
3.1,0.97,2.5855705976331707,-150.65419
3.15,0.97,2.6180571563354014,-150.65419
3.25,0.97,2.6690033672245566,-150.65419
2.9,0.97,2.3481859437208934,-150.6541886
3.2,0.97,2.650837074534044,-150.65418
3.4,0.97,2.742778811506789,-150.65418
2.7,0.97,2.8689545134072794,-150.6541769
3.05,0.97,2.569149869217068,-150.65417
3.3,0.97,2.702591790641665,-150.65417
3.35,0.97,2.722192552553366,-150.65417
3.45,0.97,2.7644098972418134,-150.65417
3.1,0.97,2.6011857235165423,-150.65416
3.15,0.97,2.6335005063993355,-150.65416
3.25,0.97,2.6839151141207775,-150.65416
3.5,0.97,2.7871427819146404,-150.65416
1.9,0.97,1.7804774911997479,-150.6541533
3.05,0.97,2.5850455524050884,-150.65414
3.1,0.97,2.616927948452439,-150.65414
3.2,0.97,2.6660993132340236,-150.65414
3.35,0.97,2.7364960510841425,-150.65414
3.4,0.97,2.7566495481201643,-150.65414
3.45,0.97,2.7778165062157507,-150.65414
3.15,0.97,2.6490796685442364,-150.65413
3.3,0.97,2.7172959191669754,-150.65413
3.5,0.97,2.8000548178580997,-150.65413
3.05,0.97,2.601052606577851,-150.65412
3.25,0.97,2.6989871298150714,-150.65412
3.1,0.97,2.632790240555366,-150.65411
3.2,0.97,2.6815060169736644,-150.65411
2.8,0.97,2.4129692832272793,-150.6541008
3.3,0.97,2.7321688269358253,-150.6541
3.35,0.97,2.750984011052886,-150.6541
3.4,0.97,2.770720300593322,-150.6541
3.45,0.97,2.791438478557066,-150.6541
3.05,0.97,2.6171641572723057,-150.65409
3.15,0.97,2.664787557064334,-150.65409
3.25,0.97,2.714212191818254,-150.65409
3.5,0.97,2.813197277424242,-150.65409
2.8,0.97,2.5973134166990257,-150.6540886
3.1,0.97,2.648765654547995,-150.65408
3.2,0.97,2.697050057444728,-150.65408
2.9,0.97,2.5073413786330447,-150.654078
3.05,0.97,2.6333734239874884,-150.65407
3.4,0.97,2.7849837839682756,-150.65407
2.7,0.97,2.3190689370071103,-150.6540688
3.15,0.97,2.680617166534198,-150.65406
3.3,0.97,2.7472032793534935,-150.65406
3.35,0.97,2.7656491553317055,-150.65406
3.45,0.97,2.8052685581027355,-150.65406
3.5,0.97,2.826562971388067,-150.65406
3.1,0.97,2.6648473336731335,-150.65405
3.25,0.97,2.729583140504493,-150.65405
2.8,0.97,2.2530612304463693,-150.6540403
3.05,0.97,2.6496737213883677,-150.65404
3.2,0.97,2.712724379876864,-150.65404
3.1,0.97,2.6810285113230203,-150.65403
3.15,0.97,2.696561574160823,-150.65403
3.3,0.97,2.76239209678908,-150.65403
3.35,0.97,2.7804842488231833,-150.65403
3.4,0.97,2.7994327409840607,-150.65403
3.45,0.97,2.81929950077371,-150.65403
2.7,0.97,3.038150344828633,-150.654026
2.8,0.97,2.78288079822234,-150.6540236
3.05,0.97,2.6660584602615383,-150.65402
3.25,0.97,2.7450928826600336,-150.65402
3.5,0.97,2.8401447058710545,-150.65402
3.15,0.97,2.7126139418388964,-150.65401
3.2,0.97,2.7285220058251474,-150.65401
3.1,0.97,2.697302512403758,-150.654
3.05,0.97,2.68252114824044,-150.65399
3.25,0.97,2.760734394698578,-150.65399
3.3,0.97,2.777728158547336,-150.65399
3.35,0.97,2.795482103193254,-150.65399
3.4,0.97,2.814059947558412,-150.65399
3.45,0.97,2.833524080775282,-150.65399
3.15,0.97,2.728767517926411,-150.65398
3.2,0.97,2.744436035648914,-150.65398
3.5,0.97,2.853935289211809,-150.65398
3.05,0.97,2.6990553903171377,-150.65397
3.1,0.97,2.7136627544522747,-150.65397
3.25,0.97,2.776500725558402,-150.65396
3.3,0.97,2.793204406501418,-150.65396
3.35,0.97,2.8106355812503856,-150.65396
3.4,0.97,2.828858217908377,-150.65396
3.45,0.97,2.847935096437143,-150.65396
2.9,0.97,2.691349718160403,-150.6539563
3.05,0.97,2.715654889157019,-150.65395
3.1,0.97,2.730102748522651,-150.65395
3.15,0.97,2.7450156387574856,-150.65395
3.2,0.97,2.760459650698178,-150.65395
3.5,0.97,2.8679275384859064,-150.65395
3.05,0.97,2.7323134452320588,-150.65393
3.3,0.97,2.80881384840027,-150.65393
3.35,0.97,2.82593760098258,-150.65393
3.1,0.97,2.7466160998581506,-150.65392
3.15,0.97,2.7613517299089017,-150.65392
3.2,0.97,2.776586115223802,-150.65392
3.25,0.97,2.7923849992964715,-150.65392
3.4,0.97,2.843820409318593,-150.65392
3.45,0.97,2.862525375698516,-150.65392
3.5,0.97,2.882114285676499,-150.65392
2.8,0.97,2.9632583417582747,-150.6539167
3.05,0.97,2.749024956787606,-150.6539
3.1,0.97,2.763196508364638,-150.6539
3.15,0.97,2.777769307236412,-150.65389
3.2,0.97,2.7928087780273665,-150.65389
3.25,0.97,2.8083804173948113,-150.65389
3.3,0.97,2.824549560864632,-150.65389
3.35,0.97,2.841381139264338,-150.65389
3.4,0.97,2.8589394265668893,-150.65389
3.45,0.97,2.8772877812449864,-150.65389
2.8,0.97,2.107774159966647,-150.6538827
3.05,0.97,2.765783419656902,-150.65388
3.5,0.97,2.8964883834987742,-150.65388
3.1,0.97,2.7798377689004896,-150.65387
3.15,0.97,2.794261977696436,-150.65387
3.05,0.97,2.78258292693682,-150.65386
3.2,0.97,2.8091210738663905,-150.65386
3.25,0.97,2.824480260794354,-150.65386
3.3,0.97,2.8404046920858983,-150.65386
3.35,0.97,2.856959235246199,-150.65386
3.4,0.97,2.87420822601766,-150.65386
3.1,0.97,2.796533771397436,-150.65385
3.45,0.97,2.892215215304726,-150.65385
3.5,0.97,2.9110427108827186,-150.65385
3.05,0.97,2.7994176685375995,-150.65384
3.15,0.97,2.8108234399681944,-150.65384
3.2,0.97,2.8255165246302107,-150.65384
2.4,0.97,3.039200445352357,-150.653839
1.1,0.97,1.599401886998245,-150.6538368
3.1,0.97,2.813278500826125,-150.65383
3.25,0.97,2.8406778916713264,-150.65383
3.3,0.97,2.85637246424212,-150.65383
3.35,0.97,2.8726649934398614,-150.65383
3.4,0.97,2.8896198193941136,-150.65383
2.9,0.97,2.877048590484971,-150.6538294
3.05,0.97,2.816281930618624,-150.65382
3.15,0.97,2.8274474848908193,-150.65382
3.45,0.97,2.907300624112776,-150.65382
2.7,0.97,3.192661794852776,-150.6538179
3.2,0.97,2.841988740301411,-150.65381
3.5,0.97,2.92577017811988,-150.65381
3.05,0.97,2.8331700949215963,-150.6538
3.1,0.97,2.830066037019531,-150.6538
3.25,0.97,2.8569667549710203,-150.6538
3.3,0.97,2.8724461756454684,-150.6538
3.35,0.97,2.888491586512105,-150.6538
2.5,0.97,3.1356656900605464,-150.6537997
2.3,0.97,2.942971181346676,-150.6537923
3.15,0.97,2.8441279957293815,-150.65379
3.4,0.97,2.905167277241012,-150.65379
3.45,0.97,2.9225370020528385,-150.65379
3.05,0.97,2.8500766380117666,-150.65378
3.1,0.97,2.846890554366665,-150.65378
3.2,0.97,2.858531419717254,-150.65378
3.25,0.97,2.8733403797134978,-150.65378
3.5,0.97,2.9406637316808855,-150.65378
2.8,0.97,3.133268973912931,-150.6537757
3.15,0.97,2.8608589482831808,-150.65377
3.3,0.97,2.8886192026353688,-150.65377
3.35,0.97,2.9044322578009205,-150.65377
3.05,0.97,2.866996130437224,-150.65376
3.1,0.97,2.8637463213883847,-150.65376
3.2,0.97,2.8751383511450697,-150.65376
3.4,0.97,2.9208437320899394,-150.65376
3.45,0.97,2.937917395486714,-150.65376
2.5,0.97,2.132932413410495,-150.6537583
2.7,0.97,2.1583773048270856,-150.6537503
3.25,0.97,2.889792380085462,-150.65375
3.5,0.97,2.955716358711447,-150.65375
3.05,0.97,2.8839232358155793,-150.65374
3.1,0.97,2.880627700206451,-150.65374
3.15,0.97,2.8776344108490544,-150.65374
3.3,0.97,2.904885001231378,-150.65374
3.35,0.97,2.920480323567275,-150.65374
3.2,0.97,2.8918034126850487,-150.65373
3.4,0.97,2.936642381339418,-150.65373
3.45,0.97,2.953434906282068,-150.65373
3.05,0.97,2.900852709856782,-150.65372
3.1,0.97,2.897529145916321,-150.65372
3.15,0.97,2.8944485440518344,-150.65372
3.25,0.97,2.9063164563321116,-150.65372
3.5,0.97,2.970921091215382,-150.65372
3.2,0.97,2.908520572513354,-150.65371
3.3,0.97,2.9212371085596307,-150.65371
3.35,0.97,2.9366291749959403,-150.65371
3.05,0.97,2.9177793993301764,-150.6537
3.1,0.97,2.9144452058735686,-150.6537
3.15,0.97,2.91129560055348,-150.6537
3.25,0.97,2.922906395462393,-150.6537
3.4,0.97,2.9525564898623866,-150.6537
2.9,0.97,3.0579241324794175,-150.6536975
3.05,0.97,2.9346982409833577,-150.65369
3.3,0.97,2.937669144066431,-150.65369
3.45,0.97,2.969082695049658,-150.65369
3.5,0.97,2.9862710099338945,-150.65369
3.2,0.97,2.925283888977912,-150.65368
3.35,0.97,2.952872279958685,-150.65368
3.05,0.97,2.9516042604198116,-150.65367
3.1,0.97,2.9313705189031736,-150.65367
3.15,0.97,2.928169924651806,-150.65367
3.25,0.97,2.939556071780594,-150.65367
3.4,0.97,2.9685793923536816,-150.65367
3.2,0.97,2.9420875105586908,-150.65366
3.3,0.97,2.954174810532198,-150.65366
3.45,0.97,2.98485398410148,-150.65366
3.5,0.97,3.001759247930916,-150.65366
3.05,0.97,2.9684925709418177,-150.65365
3.1,0.97,2.948299814440361,-150.65365
3.15,0.97,2.9450659517791222,-150.65365
3.35,0.97,2.96920318455298,-150.65365
2.2,0.97,2.8470018267370563,-150.6536414
3.1,0.97,2.9652279116110893,-150.65364
3.25,0.97,2.956259447256764,-150.65364
3.4,0.97,2.9847044954301385,-150.65364
3.05,0.97,2.985358372364589,-150.65363
3.15,0.97,2.9619782079105232,-150.65363
3.2,0.97,2.9589256757036986,-150.65363
3.3,0.97,2.970747894898644,-150.65363
3.45,0.97,3.0007420601415324,-150.65363
3.5,0.97,3.0173789938947992,-150.65363
2.8,0.97,1.9851832561778233,-150.6536272
3.05,0.97,3.0021969498071432,-150.65362
3.1,0.97,2.9821497182597265,-150.65362
3.25,0.97,2.973010571747919,-150.65362
3.35,0.97,2.9856155144291434,-150.65362
2.8,0.97,3.2887327370029986,-150.6536112
3.15,0.97,2.9789013088909666,-150.65361
3.2,0.97,2.9757927125514003,-150.65361
3.3,0.97,2.987382268921642,-150.65361
3.4,0.97,3.000925279495939,-150.65361
3.45,0.97,3.0167402767010443,-150.65361
3.05,0.97,3.019003672464971,-150.6536
3.1,0.97,2.9990602299309432,-150.6536
3.35,0.97,3.002102975918557,-150.6536
3.5,0.97,3.0331234951670045,-150.6536
3.15,0.97,2.995829959689751,-150.65359
3.2,0.97,2.992683038549652,-150.65359
3.25,0.97,2.9898035830815175,-150.65359
3.4,0.97,3.0172353003856496,-150.65359
3.05,0.97,3.035773992369124,-150.65358
3.1,0.97,3.0159545288123293,-150.65358
3.3,0.97,3.0040718896618177,-150.65358
3.45,0.97,3.0328420563300726,-150.65358
2.7,0.97,3.3292220210446635,-150.6535731
3.05,0.97,3.05250344313597,-150.65357
3.15,0.97,3.0127589535904384,-150.65357
3.2,0.97,3.0095911599807454,-150.65357
3.25,0.97,3.0066327070121366,-150.65357
3.35,0.97,3.0186593569752938,-150.65357
3.5,0.97,3.048986060508706,-150.65357
2.9,0.97,3.2286826118385252,-150.6535624
3.1,0.97,3.0328277826437815,-150.65356
3.3,0.97,3.020810799824451,-150.65356
3.4,0.97,3.033628190797283,-150.65356
3.05,0.97,3.06918763871147,-150.65355
3.15,0.97,3.029683171323747,-150.65355
3.25,0.97,3.023492257061803,-150.65355
3.45,0.97,3.049040892557389,-150.65355
3.1,0.97,3.0496752435992254,-150.65354
3.2,0.97,3.026511671401578,-150.65354
3.35,0.97,3.0352785279431416,-150.65354
3.5,0.97,3.0649600626164166,-150.65354
3.05,0.97,3.0858222721135027,-150.65353
3.15,0.97,3.0465975801504364,-150.65353
3.3,0.97,3.0375931279598203,-150.65353
3.4,0.97,3.05009766152744,-150.65353
3.05,0.97,3.1024031141754116,-150.65352
3.1,0.97,3.0664922471458262,-150.65352
3.2,0.97,3.043439255007454,-150.65352
3.25,0.97,3.0403766342538683,-150.65352
3.35,0.97,3.0519544421596114,-150.65352
3.45,0.97,3.0653303516304744,-150.65352
3.1,0.97,3.0832742108854156,-150.65351
3.15,0.97,3.0634972329007297,-150.65351
3.3,0.97,3.0544130885346314,-150.65351
3.4,0.97,3.066637502520352,-150.65351
3.5,0.97,3.0810389403978595,-150.65351
3.05,0.97,3.1189260122936715,-150.6535
3.2,0.97,3.0603686799275103,-150.6535
3.25,0.97,3.057280326749848,-150.6535
3.05,0.97,3.13538688918226,-150.65349
3.1,0.97,3.100016633382481,-150.65349
3.15,0.97,3.0803772669763423,-150.65349
3.35,0.97,3.0686811364081463,-150.65349
3.45,0.97,3.0817040740473445,-150.65349
3.2,0.97,3.0772948014592414,-150.65348
3.25,0.97,3.0741979093980962,-150.65348
3.3,0.97,3.071264981884717,-150.65348
3.4,0.97,3.0832415837423355,-150.65348
3.5,0.97,3.0972162010193185,-150.65348
3.05,0.97,3.15178174163607,-150.65347
3.1,0.97,3.1167150929827008,-150.65347
3.15,0.97,3.097232903320748,-150.65347
3.35,0.97,3.0854527312293043,-150.65347
3.45,0.97,3.0981557758917266,-150.65347
3.05,0.97,3.168106639305454,-150.65346
3.1,0.97,3.1333652466256536,-150.65346
3.2,0.97,3.0942125602491424,-150.65346
3.25,0.97,3.091124043202724,-150.65346
3.3,0.97,3.0881431940586865,-150.65346
3.4,0.97,3.099903855892831,-150.65346
3.5,0.97,3.1134854217357004,-150.65346
3.15,0.97,3.1140594453629062,-150.65345
3.05,0.97,3.184357723483747,-150.65344
3.1,0.97,3.1499628286550196,-150.65344
3.15,0.97,3.1308522779392494,-150.65344
3.2,0.97,3.1111169814260062,-150.65344
3.25,0.97,3.108053474720656,-150.65344
3.3,0.97,3.105042196561758,-150.65344
3.35,0.97,3.1022634311012673,-150.65344
3.45,0.97,3.1146792499828986,-150.65344
2.8,0.97,3.4262777526350114,-150.6534326
3.05,0.97,3.2005312059094186,-150.65343
3.1,0.97,3.1665036496292855,-150.65343
3.4,0.97,3.116618350962842,-150.65343
3.5,0.97,3.129840251514444,-150.65343
2.9,0.97,3.3850312693619125,-150.6534275
3.05,0.97,3.2166233675843063,-150.65342
3.15,0.97,3.147606866198374,-150.65342
3.2,0.97,3.1280031736929694,-150.65342
3.25,0.97,3.124981035394266,-150.65342
3.3,0.97,3.121956546008493,-150.65342
3.35,0.97,3.1191075244995945,-150.65342
3.45,0.97,3.131268366851237,-150.65342
3.1,0.97,3.1829835951356755,-150.65341
3.2,0.97,3.1448663283839826,-150.65341
3.4,0.97,3.1333791826512187,-150.65341
3.5,0.97,3.146274412464267,-150.65341
2.4,0.97,2.0408480229968213,-150.6534058
2.1,0.97,2.751319579520202,-150.6534034
3.05,0.97,3.232630557609189,-150.6534
3.1,0.97,3.199398624609777,-150.6534
3.15,0.97,3.164318754492511,-150.6534
3.25,0.97,3.141901640826556,-150.6534
3.3,0.97,3.138880883692719,-150.6534
3.35,0.97,3.1359793838456738,-150.6534
3.05,0.97,3.248549192037808,-150.65339
3.15,0.97,3.180983565259516,-150.65339
3.2,0.97,3.161701718489967,-150.65339
3.45,0.97,3.147917075550229,-150.65339
3.05,0.97,3.2643757527502846,-150.65338
3.1,0.97,3.2157447701630737,-150.65338
3.25,0.97,3.1588102900054147,-150.65338
3.3,0.97,3.1558099350824405,-150.65338
3.35,0.97,3.152873465352912,-150.65338
3.4,0.97,3.150180546648834,-150.65338
3.5,0.97,3.1627817010795733,-150.65338
3.1,0.97,3.2320181354203723,-150.65337
3.15,0.97,3.197596997898792,-150.65337
3.2,0.97,3.1785046976595295,-150.65337
3.45,0.97,3.164619404315391,-150.65337
3.05,0.97,3.2801067863467326,-150.65336
3.25,0.97,3.175702064483054,-150.65336
3.35,0.97,3.169784308779217,-150.65336
3.4,0.97,3.1670167208002935,-150.65336
3.5,0.97,3.1793559893111176,-150.65336
3.05,0.97,3.295738903061755,-150.65335
3.1,0.97,3.2482148943689055,-150.65335
3.15,0.97,3.2141548276442844,-150.65335
3.2,0.97,3.1952706991787485,-150.65335
3.3,0.97,3.172738509247109,-150.65335
3.45,0.97,3.181369461080192,-150.65335
3.05,0.97,3.3112687757003743,-150.65334
3.1,0.97,3.264331290220682,-150.65334
3.15,0.97,3.2306529044373753,-150.65334
3.2,0.97,3.2119952349341854,-150.65334
3.25,0.97,3.192572127516311,-150.65334
3.4,0.97,3.1838820651524133,-150.65334
1.9,0.97,2.5609450371035667,-150.653333
3.05,0.97,3.3266931385958496,-150.65333
3.1,0.97,3.2803636342894733,-150.65333
3.3,0.97,3.1896614982241704,-150.65333
3.35,0.97,3.1867065370939347,-150.65333
3.5,0.97,3.1959912254732745,-150.65333
3.15,0.97,3.2470871518022686,-150.65332
3.2,0.97,3.2286738943629545,-150.65332
3.25,0.97,3.2094157231731266,-150.65332
3.3,0.97,3.2065738763313916,-150.65332
3.4,0.97,3.2007710218983,-150.65332
3.45,0.97,3.1981614338587243,-150.65332
2.7,0.97,3.435579632319322,-150.6533102
3.05,0.97,3.3420087865897425,-150.65331
3.1,0.97,3.2963083048836714,-150.65331
3.15,0.97,3.263453565726195,-150.65331
3.35,0.97,3.2036348560669228,-150.65331
3.5,0.97,3.2126814349979753,-150.65331
2.8,0.97,1.9012524828345987,-150.6533075
3.05,0.97,3.357212574034481,-150.6533
3.1,0.97,3.312161746216083,-150.6533
3.15,0.97,3.279748213546546,-150.6533
3.2,0.97,3.245302343393356,-150.6533
3.25,0.97,3.226228175410103,-150.6533
3.3,0.97,3.2234706994310613,-150.6533
3.4,0.97,3.217678115225417,-150.6533
3.45,0.97,3.214989591004503,-150.6533
2.9,0.97,3.5234981497078355,-150.6532936
3.05,0.97,3.3723014138186125,-150.65329
3.1,0.97,3.3279204673315763,-150.65329
3.2,0.97,3.261876323379312,-150.65329
3.25,0.97,3.243004887125726,-150.65329
3.35,0.97,3.220564053787057,-150.65329
3.5,0.97,3.229420721045079,-150.65329
3.05,0.97,3.3872722764148557,-150.65328
3.15,0.97,3.2959672328468312,-150.65328
3.3,0.97,3.240347104151761,-150.65328
3.45,0.97,3.231848281354387,-150.65328
3.05,0.97,3.4021221889509854,-150.65327
3.1,0.97,3.3435810410533895,-150.65327
3.15,0.97,3.312106830363151,-150.65327
3.2,0.97,3.2783916500315318,-150.65327
3.25,0.97,3.2597413391934618,-150.65327
3.35,0.97,3.2374890001170225,-150.65327
3.4,0.97,3.234597951075658,-150.65327
3.05,0.97,3.416848234303542,-150.65326
3.1,0.97,3.3591401029487526,-150.65326
3.2,0.97,3.2948442123481048,-150.65326
3.3,0.97,3.2571983070730215,-150.65326
3.45,0.97,3.248731934266245,-150.65326
3.5,0.97,3.2462032649786163,-150.65326
2.5,0.97,3.240153089948547,-150.6532519
3.05,0.97,3.4314475502142843,-150.65325
3.1,0.97,3.374594350314395,-150.65325
3.15,0.97,3.3281632809026935,-150.65325
3.25,0.97,3.27643308947864,-150.65325
3.35,0.97,3.2544046460908573,-150.65325
3.4,0.97,3.251525216824994,-150.65325
1.5,0.97,1.2672807140118052,-150.6532474
2.8,0.97,3.5334848367949014,-150.6532474
3.05,0.97,3.445917328429279,-150.65324
3.1,0.97,3.3899405411823893,-150.65324
3.15,0.97,3.344132926275603,-150.65324
3.2,0.97,3.311229971546959,-150.65324
3.25,0.97,3.2930757718427075,-150.65324
3.3,0.97,3.274019603877825,-150.65324
3.35,0.97,3.2713060232603155,-150.65324
3.45,0.97,3.2656350595585923,-150.65324
3.5,0.97,3.2630233267180233,-150.65324
2.7,0.97,2.0118765365628875,-150.6532321
3.05,0.97,3.460254813860452,-150.65323
3.1,0.97,3.4051754933466967,-150.65323
3.15,0.97,3.3600121742413895,-150.65323
3.2,0.97,3.327544960002396,-150.65323
3.3,0.97,3.290806368477556,-150.65323
3.4,0.97,3.268454680889896,-150.65323
3.05,0.97,3.474457303769405,-150.65322
3.1,0.97,3.4202960834106952,-150.65322
3.15,0.97,3.3757974974709217,-150.65322
3.25,0.97,3.3096650951381794,-150.65322
3.35,0.97,3.2881882429957354,-150.65322
3.45,0.97,3.2825522473600444,-150.65322
3.5,0.97,3.2798752449731086,-150.65322
3.05,0.97,3.4885221469732697,-150.65321
3.1,0.97,3.4352992458558838,-150.65321
3.2,0.97,3.34378528018771,-150.65321
3.25,0.97,3.3261968421973,-150.65321
3.3,0.97,3.307554052113685,-150.65321
3.4,0.97,3.28538119226731,-150.65321
3.05,0.97,3.502446743072331,-150.6532
3.1,0.97,3.4501819721319054,-150.6532
3.15,0.97,3.391485432524903,-150.6532
3.2,0.97,3.3599471036256894,-150.6532
3.35,0.97,3.305046495746744,-150.6532
3.4,0.97,3.3022996800146087,-150.6532
3.45,0.97,3.299478167876054,-150.6532
3.5,0.97,3.2967534373711826,-150.6532
3.05,0.97,3.516228541699123,-150.65319
3.1,0.97,3.464941309767945,-150.65319
3.15,0.97,3.4070725788495984,-150.65319
3.2,0.97,3.3760266698486143,-150.65319
3.25,0.97,3.342666868817208,-150.65319
3.3,0.97,3.3242581824401434,-150.65319
2.0,0.97,2.6559554694795438,-150.653188
3.05,0.97,3.5298650417887014,-150.65318
3.1,0.97,3.479574361505522,-150.65318
3.15,0.97,3.422555597790481,-150.65318
3.2,0.97,3.3920202853692065,-150.65318
3.25,0.97,3.3590711027441396,-150.65318
3.3,0.97,3.34091436259005,-150.65318
3.35,0.97,3.3218760502677727,-150.65318
3.4,0.97,3.3192051526755417,-150.65318
3.45,0.97,3.316407571080012,-150.65318
3.5,0.97,3.3136524004843815,-150.65318
3.05,0.97,3.5433537908697503,-150.65317
3.1,0.97,3.49407828445263,-150.65317
3.15,0.97,3.4379312116243472,-150.65317
3.25,0.97,3.375405542658975,-150.65317
3.35,0.97,3.3386722528130157,-150.65317
2.9,0.97,3.6315042026289346,-150.6531608
3.05,0.97,3.5566923843761784,-150.65316
3.1,0.97,3.508450289259139,-150.65316
3.15,0.97,3.4531962026103598,-150.65316
3.2,0.97,3.407924322663802,-150.65316
3.3,0.97,3.3575182702301847,-150.65316
3.4,0.97,3.336092697657854,-150.65316
3.45,0.97,3.333335286335419,-150.65316
3.5,0.97,3.330566709764887,-150.65316
3.05,0.97,3.5698784649788453,-150.65315
3.1,0.97,3.5226876393133315,-150.65315
3.15,0.97,3.4683474120603983,-150.65315
3.2,0.97,3.4237352191688926,-150.65315
3.25,0.97,3.391666257166232,-150.65315
3.3,0.97,3.3740656566063008,-150.65315
3.35,0.97,3.3554305263051614,-150.65315
3.05,0.97,3.5829097219370416,-150.65314
3.1,0.97,3.5367876499594004,-150.65314
3.15,0.97,3.4833817394289883,-150.65314
3.2,0.97,3.4394494762920407,-150.65314
3.25,0.97,3.407849383788414,-150.65314
3.4,0.97,3.3529574805679103,-150.65314
3.45,0.97,3.350256221955483,-150.65314
3.5,0.97,3.3474910193953646,-150.65314
3.05,0.97,3.59578389046935,-150.65313
3.1,0.97,3.5507476877357216,-150.65313
3.15,0.97,3.498296141423044,-150.65313
3.2,0.97,3.455063658438026,-150.65313
3.25,0.97,3.4239511279674053,-150.65313
3.3,0.97,3.3905523455821576,-150.65313
3.35,0.97,3.3721463694818983,-150.65313
3.4,0.97,3.369794744507286,-150.65313
3.05,0.97,3.608498751143488,-150.65312
3.1,0.97,3.564565169633659,-150.65312
3.15,0.97,3.5130876311315617,-150.65312
3.2,0.97,3.4705743920509886,-150.65312
3.3,0.97,3.4069742326748798,-150.65312
3.35,0.97,3.388815356023919,-150.65312
3.45,0.97,3.367165364706122,-150.65312
3.5,0.97,3.364420062061599,-150.65312
3.05,0.97,3.621052129284743,-150.65311
3.1,0.97,3.578237562376665,-150.65311
3.15,0.97,3.5277532771753615,-150.65311
3.2,0.97,3.4859783646732168,-150.65311
3.25,0.97,3.4399677620744877,-150.65311
3.3,0.97,3.4233272840890496,-150.65311
3.4,0.97,3.3865998093360004,-150.65311
3.05,0.97,3.6334418944026057,-150.6531
3.1,0.97,3.591762381719383,-150.6531
3.15,0.97,3.5422902028769014,-150.6531
3.2,0.97,3.501272324021127,-150.6531
3.25,0.97,3.455895624430331,-150.6531
3.35,0.97,3.40543313366787,-150.6531
3.45,0.97,3.384057779258022,-150.6531
3.5,0.97,3.3813486486539484,-150.6531
3.05,0.97,3.657722281211064,-150.65309
3.05,0.97,3.6456659596351924,-150.65309
3.1,0.97,3.6183596043108492,-150.65309
3.1,0.97,3.6051371917664747,-150.65309
3.15,0.97,3.556695585450158,-150.65309
3.2,0.97,3.5164530770788898,-150.65309
3.25,0.97,3.471731118336209,-150.65309
3.3,0.97,3.439607535751717,-150.65309
3.35,0.97,3.42199542330742,-150.65309
3.4,0.97,3.403368070906731,-150.65309
3.45,0.97,3.400928607593048,-150.65309
3.05,0.97,3.669608857928037,-150.65308
3.1,0.97,3.631427278190975,-150.65308
3.15,0.97,3.570966655210505,-150.65308
3.2,0.97,3.5315174892100774,-150.65308
3.25,0.97,3.487470711117522,-150.65308
3.3,0.97,3.4558110923503165,-150.65308
3.35,0.97,3.438498018085383,-150.65308
3.4,0.97,3.4200950002740633,-150.65308
3.5,0.97,3.3982716679038854,-150.65308
3.05,0.97,3.6813237306485838,-150.65307
3.1,0.97,3.644337918666933,-150.65307
3.15,0.97,3.5990950384594123,-150.65307
3.15,0.97,3.585100694804496,-150.65307
3.2,0.97,3.546462483287637,-150.65307
3.25,0.97,3.5031109331806,-150.65307
3.3,0.97,3.4719341263752983,-150.65307
3.45,0.97,3.4177730683699927,-150.65307
3.5,0.97,3.415184085961569,-150.65307
2.8,0.97,3.6220281736310245,-150.6530655
3.05,0.97,3.69286498181143,-150.65306
3.1,0.97,3.657089276814875,-150.65306
3.15,0.97,3.612947071252405,-150.65306
3.2,0.97,3.5612850388424033,-150.65306
3.25,0.97,3.5186483770836223,-150.65306
3.3,0.97,3.487972877169105,-150.65306
3.35,0.97,3.4549367824795936,-150.65306
3.4,0.97,3.436776142882535,-150.65306
3.45,0.97,3.4345864562543387,-150.65306
3.05,0.97,3.704230734958955,-150.65305
3.1,0.97,3.6821053760043316,-150.65305
3.1,0.97,3.669679148939519,-150.65305
3.15,0.97,3.6266542283990404,-150.65305
3.2,0.97,3.575982191230327,-150.65305
3.25,0.97,3.5340796966223973,-150.65305
3.35,0.97,3.471307651385007,-150.65305
3.4,0.97,3.4534071177369814,-150.65305
3.5,0.97,3.4320809459200423,-150.65305
2.7,0.97,3.5233723620457322,-150.6530485
2.4,0.97,3.142655622948686,-150.6530423
3.05,0.97,3.7154191542799944,-150.65304
3.1,0.97,3.6943658430790345,-150.65304
3.15,0.97,3.640213994561027,-150.65304
3.2,0.97,3.5905510308185193,-150.65304
3.25,0.97,3.5494016059316245,-150.65304
3.3,0.97,3.503923649982957,-150.65304
3.35,0.97,3.4876066291942958,-150.65304
3.45,0.97,3.4513641412163802,-150.65304
2.9,0.97,3.7207557538121296,-150.6530323
3.05,0.97,3.7372568487918896,-150.65303
3.05,0.97,3.726428444167675,-150.65303
3.1,0.97,3.706458478804058,-150.65303
3.15,0.97,3.666881535787243,-150.65303
3.15,0.97,3.6536239031728774,-150.65303
3.2,0.97,3.604988702190168,-150.65303
3.25,0.97,3.564610878602195,-150.65303
3.3,0.97,3.519782815042784,-150.65303
3.4,0.97,3.469983616558405,-150.65303
3.5,0.97,3.448957367291347,-150.65303
3.05,0.97,3.74790265168604,-150.65302
3.1,0.97,3.7183812548715838,-150.65302
3.15,0.97,3.67998452143865,-150.65302
3.2,0.97,3.633459385058546,-150.65302
3.2,0.97,3.619292403368326,-150.65302
3.25,0.97,3.579704346814967,-150.65302
3.3,0.97,3.535546806625464,-150.65302
3.35,0.97,3.5038297888790066,-150.65302
3.4,0.97,3.486501402928377,-150.65302
3.45,0.97,3.4681015678018063,-150.65302
3.5,0.97,3.4658085454395113,-150.65302
2.8,0.97,1.8481820618887121,-150.6530117
3.05,0.97,3.758364175347678,-150.65301
3.1,0.97,3.741709327060988,-150.65301
3.1,0.97,3.730132185522796,-150.65301
3.15,0.97,3.692930536025335,-150.65301
3.2,0.97,3.647486949910274,-150.65301
3.25,0.97,3.594678900491401,-150.65301
3.3,0.97,3.5512121221464303,-150.65301
3.35,0.97,3.51997327107317,-150.65301
3.4,0.97,3.502956311424723,-150.65301
3.45,0.97,3.484794254378527,-150.65301
3.05,0.97,3.7686397808526833,-150.653
3.1,0.97,3.7531107773801367,-150.653
3.15,0.97,3.718342586331357,-150.653
3.15,0.97,3.7057173017088845,-150.653
3.2,0.97,3.6613724517968973,-150.653
3.25,0.97,3.609531486461353,-150.653
3.3,0.97,3.566775321259574,-150.653
3.35,0.97,3.536033283161075,-150.653
3.4,0.97,3.5193442467510447,-150.653
3.45,0.97,3.5014377923632924,-150.653
3.5,0.97,3.482629750975092,-150.653
3.05,0.97,3.788626872364958,-150.65299
3.05,0.97,3.7787278674826266,-150.65299
3.1,0.97,3.7753792011675475,-150.65299
3.1,0.97,3.764334675508598,-150.65299
3.15,0.97,3.7308042028495674,-150.65299
3.2,0.97,3.6887069340978296,-150.65299
3.2,0.97,3.675113295114313,-150.65299
3.25,0.97,3.6242591076482644,-150.65299
3.3,0.97,3.582233024970257,-150.65299
3.35,0.97,3.55200609837076,-150.65299
3.5,0.97,3.499416329115636,-150.65299
3.05,0.97,3.79833527012569,-150.65298
3.1,0.97,3.7862425743438206,-150.65298
3.15,0.97,3.755227905697484,-150.65298
3.15,0.97,3.743100008786212,-150.65298
3.2,0.97,3.702150872157234,-150.65298
3.25,0.97,3.653327743068893,-150.65298
3.25,0.97,3.638858822271919,-150.65298
3.3,0.97,3.597581914762148,-150.65298
3.35,0.97,3.5678880548746243,-150.65298
3.4,0.97,3.5356611828624076,-150.65298
3.45,0.97,3.518027845431382,-150.65298
3.0,0.97,3.819549537376789,-150.6529731
3.05,0.97,3.80785157255424,-150.65297
3.1,0.97,3.796923054876784,-150.65297
3.15,0.97,3.7671858386568653,-150.65297
3.2,0.97,3.7285799011509186,-150.65297
3.2,0.97,3.7154426612297846,-150.65297
3.25,0.97,3.6676630365307608,-150.65297
3.3,0.97,3.6128187317385074,-150.65297
3.35,0.97,3.583675554898417,-150.65297
3.4,0.97,3.5519031620893498,-150.65297
3.45,0.97,3.534560148712422,-150.65297
3.5,0.97,3.516163699016166,-150.65297
3.05,0.97,3.8171743282800996,-150.65296
3.1,0.97,3.817728574249638,-150.65296
3.1,0.97,3.8074189420589,-150.65296
3.15,0.97,3.790583807613445,-150.65296
3.15,0.97,3.7789717957547304,-150.65296
3.2,0.97,3.7415602390424114,-150.65296
3.25,0.97,3.681861922160087,-150.65296
3.3,0.97,3.6429434047085363,-150.65296
3.3,0.97,3.6279402757784327,-150.65296
3.35,0.97,3.5993650638397394,-150.65296
3.4,0.97,3.5680662942621586,-150.65296
3.45,0.97,3.551030507975137,-150.65296
3.5,0.97,3.5328673530735104,-150.65296
3.05,0.97,3.835233576482421,-150.65295
3.05,0.97,3.826302122461024,-150.65295
3.1,0.97,3.8278503285023913,-150.65295
3.15,0.97,3.8020199469175986,-150.65295
3.2,0.97,3.7670410301042994,-150.65295
3.2,0.97,3.754381368717729,-150.65295
3.25,0.97,3.7098396086465946,-150.65295
3.25,0.97,3.6959216717441863,-150.65295
3.3,0.97,3.657825033490403,-150.65295
3.35,0.97,3.614953109397059,-150.65295
3.4,0.97,3.584146755837218,-150.65295
3.45,0.97,3.5674347988036534,-150.65295
3.5,0.97,3.5495228562080565,-150.65295
3.05,0.97,3.8439673476676397,-150.65294
3.1,0.97,3.847523902727038,-150.65294
3.1,0.97,3.837782620204069,-150.65294
3.15,0.97,3.8243571061964254,-150.65294
3.15,0.97,3.8132783279590496,-150.65294
3.2,0.97,3.779537008682413,-150.65294
3.25,0.97,3.723613107116168,-150.65294
3.3,0.97,3.6725821334241573,-150.65294
3.35,0.97,3.6304362807101382,-150.65294
3.4,0.97,3.6001407890270416,-150.65294
3.05,0.97,3.8525021289988786,-150.65293
3.1,0.97,3.857072667093096,-150.65293
3.15,0.97,3.83525447782876,-150.65293
3.2,0.97,3.8040292838462397,-150.65293
3.2,0.97,3.7918671349404662,-150.65293
3.25,0.97,3.7507165361558474,-150.65293
3.25,0.97,3.737239591613691,-150.65293
3.3,0.97,3.6872117313683552,-150.65293
3.35,0.97,3.6458112275126613,-150.65293
3.4,0.97,3.616044700935478,-150.65293
3.45,0.97,3.583768965767743,-150.65293
3.5,0.97,3.5661258451262468,-150.65293
3.05,0.97,3.8689696707198196,-150.65292
3.05,0.97,3.860836648848404,-150.65292
3.1,0.97,3.8755867917543854,-150.65292
3.1,0.97,3.866427441649163,-150.65292
3.15,0.97,3.8564979873145258,-150.65292
3.15,0.97,3.845968679382925,-150.65292
3.2,0.97,3.8160213743339133,-150.65292
3.25,0.97,3.7640414636763913,-150.65292
3.3,0.97,3.7160768019496597,-150.65292
3.3,0.97,3.7017109089764095,-150.65292
3.35,0.97,3.661074659297754,-150.65292
3.4,0.97,3.6318548626994223,-150.65292
3.45,0.97,3.6000290215892345,-150.65292
3.5,0.97,3.582672027566912,-150.65292
2.9,0.97,3.789947586060229,-150.6529164
3.05,0.97,3.876899992999118,-150.65291
3.1,0.97,3.884549319478355,-150.65291
3.15,0.97,3.876995225473192,-150.65291
3.15,0.97,3.866840717621943,-150.65291
3.2,0.97,3.8394872726533804,-150.65291
3.2,0.97,3.8278413688064967,-150.65291
3.25,0.97,3.790225600258887,-150.65291
3.25,0.97,3.777211945404326,-150.65291
3.3,0.97,3.7303065993071822,-150.65291
3.35,0.97,3.6912541096734017,-150.65291
3.35,0.97,3.676223344496987,-150.65291
3.4,0.97,3.6475677086382303,-150.65291
3.45,0.97,3.616211046306595,-150.65291
3.5,0.97,3.599157181534313,-150.65291
2.8,0.97,3.6906432284076462,-150.6529004
3.05,0.97,3.892147905309892,-150.6529
3.05,0.97,3.8846264487152378,-150.6529
3.1,0.97,3.9018784978779415,-150.6529
3.1,0.97,3.8933136633101544,-150.6529
3.15,0.97,3.886959904845293,-150.6529
3.2,0.97,3.862249042168037,-150.6529
3.2,0.97,3.850957133782675,-150.6529
3.25,0.97,3.815773139961698,-150.6529
3.25,0.97,3.803080094261103,-150.6529
3.3,0.97,3.7583469255763244,-150.6529
3.3,0.97,3.744397542672376,-150.6529
3.35,0.97,3.706163838728968,-150.6529
3.4,0.97,3.663179735411926,-150.6529
3.45,0.97,3.6323111864395683,-150.6529
3.5,0.97,3.61557715452054,-150.6529
3.0,0.97,3.8892875916774656,-150.652891
3.05,0.97,3.8994632644164082,-150.65289
3.1,0.97,3.910242533678803,-150.65289
3.15,0.97,3.906313546026419,-150.65289
3.15,0.97,3.896733188175833,-150.65289
3.2,0.97,3.884291568309129,-150.65289
3.2,0.97,3.8733611294096617,-150.65289
3.25,0.97,3.8283024958850884,-150.65289
3.3,0.97,3.7721520927778966,-150.65289
3.35,0.97,3.7209494721268768,-150.65289
3.4,0.97,3.678687501189162,-150.65289
3.45,0.97,3.6483256541555376,-150.65289
3.5,0.97,3.631927862719743,-150.65289
3.05,0.97,3.913471466390728,-150.65288
3.05,0.97,3.9065714616473572,-150.65288
3.1,0.97,3.926363228761564,-150.65288
3.1,0.97,3.918404516818602,-150.65288
3.15,0.97,3.924889556215863,-150.65288
3.15,0.97,3.91569948675773,-150.65288
3.2,0.97,3.8950385724577923,-150.65288
3.25,0.97,3.8528613991409495,-150.65288
3.25,0.97,3.840665965989218,-150.65288
3.3,0.97,3.799319411285562,-150.65288
3.3,0.97,3.785810439600526,-150.65288
3.35,0.97,3.750136492048398,-150.65288
3.35,0.97,3.735608006128946,-150.65288
3.4,0.97,3.694087624825793,-150.65288
3.45,0.97,3.6642507264391826,-150.65288
3.5,0.97,3.6482052902364406,-150.65288
3.05,0.97,3.920162281614439,-150.65287
3.1,0.97,3.9416661402693687,-150.65287
3.1,0.97,3.934117486089351,-150.65287
3.15,0.97,3.9426764503190053,-150.65287
3.15,0.97,3.9338823374297,-150.65287
3.2,0.97,3.9159753324396456,-150.65287
3.2,0.97,3.9056003958384005,-150.65287
3.25,0.97,3.8767397715584493,-150.65287
3.25,0.97,3.8648866886067625,-150.65287
3.3,0.97,3.8258792560330064,-150.65287
3.3,0.97,3.8126765023620814,-150.65287
3.35,0.97,3.7645320355181973,-150.65287
3.4,0.97,3.724551719688416,-150.65287
3.4,0.97,3.7093767850548276,-150.65287
3.45,0.97,3.6800827442668194,-150.65287
3.5,0.97,3.6644054882900146,-150.65287
3.05,0.97,3.9329125221578813,-150.65286
3.05,0.97,3.9266429436789645,-150.65286
3.1,0.97,3.949008077432076,-150.65286
3.15,0.97,3.9596633335790905,-150.65286
3.15,0.97,3.951270551412994,-150.65286
3.2,0.97,3.9361579190639007,-150.65286
3.2,0.97,3.9261617158833375,-150.65286
3.25,0.97,3.89992128327022,-150.65286
3.25,0.97,3.88841862859355,-150.65286
3.3,0.97,3.83892526357737,-150.65286
3.35,0.97,3.792912984959386,-150.65286
3.35,0.97,3.7787917957750805,-150.65286
3.4,0.97,3.7396092248324733,-150.65286
3.45,0.97,3.6958181117867057,-150.65286
3.05,0.97,3.944814871695777,-150.65285
3.05,0.97,3.9389701196661253,-150.65285
3.1,0.97,3.9630675172677168,-150.65285
3.1,0.97,3.9561422181570705,-150.65285
3.15,0.97,3.967853525761631,-150.65285
3.2,0.97,3.9555734704973373,-150.65285
3.2,0.97,3.945962353799905,-150.65285
3.25,0.97,3.9223902918919573,-150.65285
3.25,0.97,3.9112458016562526,-150.65285
3.3,0.97,3.8645376423082034,-150.65285
3.3,0.97,3.8518121637685385,-150.65285
3.35,0.97,3.8068928674307223,-150.65285
3.4,0.97,3.7545461541144234,-150.65285
3.45,0.97,3.7269848234885887,-150.65285
3.45,0.97,3.711453295506454,-150.65285
3.5,0.97,3.69655873167499,-150.65285
3.5,0.97,3.6805245744172916,-150.65285
2.3,0.97,1.9495436968077808,-150.6528403
3.05,0.97,3.9504459464591912,-150.65284
3.1,0.97,3.976287579984165,-150.65284
3.1,0.97,3.9697829636341098,-150.65284
3.15,0.97,3.9836212348377233,-150.65284
3.15,0.97,3.975839892730252,-150.65284
3.2,0.97,3.9742097423970546,-150.65284
3.2,0.97,3.9649897578243265,-150.65284
3.25,0.97,3.9441318283081803,-150.65284
3.25,0.97,3.93335290376661,-150.65284
3.3,0.97,3.8894953085939266,-150.65284
3.3,0.97,3.8770994312759117,-150.65284
3.35,0.97,3.8344180267743093,-150.65284
3.35,0.97,3.820728759099501,-150.65284
3.4,0.97,3.7840459826710515,-150.65284
3.4,0.97,3.7693594179245133,-150.65284
3.45,0.97,3.7424092845551735,-150.65284
3.5,0.97,3.712504207843622,-150.65284
3.05,0.97,3.961063899746896,-150.65283
3.05,0.97,3.955862544739297,-150.65283
3.1,0.97,3.9886605817578467,-150.65283
3.1,0.97,3.982580422722633,-150.65283
3.15,0.97,3.9985642224071487,-150.65283
3.15,0.97,3.9911963877869825,-150.65283
3.2,0.97,3.9920550976762104,-150.65283
3.2,0.97,3.983231988476565,-150.65283
3.25,0.97,3.96513158332641,-150.65283
3.25,0.97,3.954725297386046,-150.65283
3.3,0.97,3.9137806660780314,-150.65283
3.3,0.97,3.901723097507174,-150.65283
3.35,0.97,3.8613464080619346,-150.65283
3.35,0.97,3.847958087525074,-150.65283
3.4,0.97,3.7986028700498777,-150.65283
3.45,0.97,3.7577233275023345,-150.65283
3.5,0.97,3.728357314634337,-150.65283
3.05,0.97,3.9708179741186753,-150.65282
3.05,0.97,3.966049276984803,-150.65282
3.1,0.97,4.000179374882883,-150.65282
3.1,0.97,3.9945271803360147,-150.65282
3.15,0.97,4.0194130470165295,-150.65282
3.15,0.97,4.012673594324688,-150.65282
3.15,0.97,4.005723644438283,-150.65282
3.2,0.97,4.01731617455903,-150.65282
3.2,0.97,4.0090984969679315,-150.65282
3.2,0.97,4.000677708679477,-150.65282
3.25,0.97,3.9853758951627105,-150.65282
3.25,0.97,3.9753489985401345,-150.65282
3.3,0.97,3.93737683559999,-150.65282
3.3,0.97,3.925665926695714,-150.65282
3.35,0.97,3.8876579399179803,-150.65282
3.35,0.97,3.874580504129733,-150.65282
3.4,0.97,3.827315971643758,-150.65282
3.4,0.97,3.813027156328309,-150.65282
3.45,0.97,3.7729236603254064,-150.65282
3.5,0.97,3.744114426900031,-150.65282
2.7,0.97,3.5913774758021013,-150.6528102
3.05,0.97,3.983817441464709,-150.65281
3.05,0.97,3.9797026788217678,-150.65281
3.05,0.97,3.97536932085438,-150.65281
3.1,0.97,4.015841593161346,-150.65281
3.1,0.97,4.010837342583588,-150.65281
3.1,0.97,4.005616354852597,-150.65281
3.15,0.97,4.032256532012925,-150.65281
3.15,0.97,4.025941011779587,-150.65281
3.2,0.97,4.033137226892492,-150.65281
3.2,0.97,4.025329489753562,-150.65281
3.25,0.97,4.0142975834769485,-150.65281
3.25,0.97,4.004851737722034,-150.65281
3.25,0.97,3.995210664706078,-150.65281
3.3,0.97,3.9714436625784915,-150.65281
3.3,0.97,3.9602676397207563,-150.65281
3.3,0.97,3.9489113924189803,-150.65281
3.35,0.97,3.913333326204266,-150.65281
3.35,0.97,3.9005763274861702,-150.65281
3.4,0.97,3.855475975181378,-150.65281
3.4,0.97,3.8414664993171694,-150.65281
3.45,0.97,3.8029703190070494,-150.65281
3.45,0.97,3.788007049455358,-150.65281
3.5,0.97,3.7597719818519373,-150.65281
3.05,0.97,3.9913889130059763,-150.6528
3.05,0.97,3.9877130339372813,-150.6528
3.1,0.97,4.0251970661579355,-150.6528
3.1,0.97,4.020628394287909,-150.6528
3.15,0.97,4.044246582113188,-150.6528
3.15,0.97,4.038358685074311,-150.6528
3.2,0.97,4.048131283173162,-150.6528
3.2,0.97,4.040738206122948,-150.6528
3.25,0.97,4.032597661967355,-150.6528
3.25,0.97,4.023546709637527,-150.6528
3.3,0.97,3.993247585263556,-150.6528
3.3,0.97,3.9824375881488785,-150.6528
3.35,0.97,3.9383540278700746,-150.6528
3.35,0.97,3.9259266422081804,-150.6528
3.4,0.97,3.869341686924451,-150.6528
3.45,0.97,3.81781035003982,-150.6528
3.5,0.97,3.7753264782827944,-150.6528
3.05,0.97,4.001093309751003,-150.65279
3.05,0.97,3.998079515514301,-150.65279
3.05,0.97,3.9948445669578203,-150.65279
3.1,0.97,4.03758799314166,-150.65279
3.1,0.97,4.033677464671544,-150.65279
3.1,0.97,4.029546961341224,-150.65279
3.15,0.97,4.0606163521623,-150.65279
3.15,0.97,4.055376220728964,-150.65279
3.15,0.97,4.049919367911041,-150.65279
3.2,0.97,4.069052187757463,-150.65279
3.2,0.97,4.062289330261781,-150.65279
3.2,0.97,4.055315349136131,-150.65279
3.25,0.97,4.050099416926232,-150.65279
3.25,0.97,4.041449024033973,-150.65279
3.3,0.97,4.014308675464482,-150.65279
3.3,0.97,4.0038718640332664,-150.65279
3.35,0.97,3.9627022457614274,-150.65279
3.35,0.97,3.950613281283249,-150.65279
3.4,0.97,3.896631224240751,-150.65279
3.4,0.97,3.883060973448041,-150.65279
3.45,0.97,3.847108501161525,-150.65279
3.45,0.97,3.8325240798308333,-150.65279
3.5,0.97,3.806112594052722,-150.65279
3.5,0.97,3.790774475797585,-150.65279
3.05,0.97,4.012831439612667,-150.65278
3.05,0.97,4.010929058373063,-150.65278
3.05,0.97,4.008803746078527,-150.65278
3.05,0.97,4.006455795894898,-150.65278
3.05,0.97,4.003885532022853,-150.65278
3.1,0.97,4.051019818467741,-150.65278
3.1,0.97,4.047994379668015,-150.65278
3.1,0.97,4.044746953679854,-150.65278
3.1,0.97,4.041277995804427,-150.65278
3.15,0.97,4.075029031261334,-150.65278
3.15,0.97,4.070443463103793,-150.65278
3.15,0.97,4.065639007002176,-150.65278
3.2,0.97,4.081940550334879,-150.65278
3.2,0.97,4.075602917596533,-150.65278
3.25,0.97,4.074831548608365,-150.65278
3.25,0.97,4.0667919655237075,-150.65278
3.25,0.97,4.058547498981672,-150.65278
3.3,0.97,4.04447742151644,-150.65278
3.3,0.97,4.034613102600855,-150.65278
3.3,0.97,4.024556311088231,-150.65278
3.35,0.97,3.9863609043644614,-150.65278
3.35,0.97,3.97461880935221,-150.65278
3.4,0.97,3.923314425867592,-150.65278
3.4,0.97,3.9100498787664653,-150.65278
3.45,0.97,3.8758776629018814,-150.65278
3.45,0.97,3.8615606616174665,-150.65278
3.5,0.97,3.821337512004479,-150.65278
3.05,0.97,4.0171985298972785,-150.65277
3.05,0.97,4.01596639115594,-150.65277
3.05,0.97,4.014510627618477,-150.65277
3.1,0.97,4.060893704634382,-150.65277
3.1,0.97,4.058760134156171,-150.65277
3.1,0.97,4.056403071842621,-150.65277
3.1,0.97,4.053822846500955,-150.65277
3.15,0.97,4.087466007649496,-150.65277
3.15,0.97,4.083540910910491,-150.65277
3.15,0.97,4.079395055089348,-150.65277
3.2,0.97,4.099665686604644,-150.65277
3.2,0.97,4.09397281859873,-150.65277
3.2,0.97,4.088064150935182,-150.65277
3.25,0.97,4.097708863608529,-150.65277
3.25,0.97,4.090291174838233,-150.65277
3.25,0.97,4.08266501678035,-150.65277
3.3,0.97,4.063622324695779,-150.65277
3.3,0.97,4.054147678830662,-150.65277
3.35,0.97,4.020520355394492,-150.65277
3.35,0.97,4.0093136364551425,-150.65277
3.35,0.97,3.997926506909398,-150.65277
3.4,0.97,3.9493713965814523,-150.65277
3.4,0.97,3.93642240318313,-150.65277
3.45,0.97,3.890056660163024,-150.65277
3.5,0.97,3.851434754883139,-150.65277
3.5,0.97,3.8364459671673785,-150.65277
3.1,0.97,4.067187592713638,-150.65276
3.1,0.97,4.0659506488329145,-150.65276
3.1,0.97,4.064489212185329,-150.65276
3.1,0.97,4.062803485945611,-150.65276
3.15,0.97,4.103761687535508,-150.65276
3.15,0.97,4.100948117923777,-150.65276
3.15,0.97,4.097911319595949,-150.65276
3.15,0.97,4.0946517219969385,-150.65276
3.15,0.97,4.09116978673326,-150.65276
3.2,0.97,4.12026301195623,-150.65276
3.2,0.97,4.115441333459951,-150.65276
3.2,0.97,4.110400726234944,-150.65276
3.2,0.97,4.105141922156318,-150.65276
3.25,0.97,4.118700058375323,-150.65276
3.25,0.97,4.111914375437166,-150.65276
3.25,0.97,4.10491695972845,-150.65276
3.3,0.97,4.090857675946169,-150.65276
3.3,0.97,4.081978776596736,-150.65276
3.3,0.97,4.07289984810654,-150.65276
3.35,0.97,4.0423850231457195,-150.65276
3.35,0.97,4.031544768625656,-150.65276
3.4,0.97,3.9872410438932224,-150.65276
3.4,0.97,3.974783012945486,-150.65276
3.4,0.97,3.962159039607678,-150.65276
3.45,0.97,3.917989526496045,-150.65276
3.45,0.97,3.904094861335556,-150.65276
3.5,0.97,3.8663007276007533,-150.65276
3.15,0.97,4.117176921148599,-150.65275
3.15,0.97,4.115935288922254,-150.65275
3.15,0.97,4.114468317131646,-150.65275
3.15,0.97,4.112776211767391,-150.65275
3.15,0.97,4.110859210600247,-150.65275
3.15,0.97,4.108717583219562,-150.65275
3.15,0.97,4.106351631076992,-150.65275
3.2,0.97,4.137346966960655,-150.65275
3.2,0.97,4.133407656300103,-150.65275
3.2,0.97,4.129246822039167,-150.65275
3.2,0.97,4.124865063227999,-150.65275
3.25,0.97,4.137776714010515,-150.65275
3.25,0.97,4.131632192363635,-150.65275
3.25,0.97,4.125272991392677,-150.65275
3.3,0.97,4.116280424767337,-150.65275
3.3,0.97,4.108009839884787,-150.65275
3.3,0.97,4.099535149897793,-150.65275
3.35,0.97,4.073782927703214,-150.65275
3.35,0.97,4.06350585218309,-150.65275
3.35,0.97,4.053039307656577,-150.65275
3.4,0.97,4.011650417840408,-150.65275
3.4,0.97,3.999530905854112,-150.65275
3.45,0.97,3.9453375460290254,-150.65275
3.45,0.97,3.9317379672326473,-150.65275
3.5,0.97,3.8956519191359207,-150.65275
3.5,0.97,3.88104079416816,-150.65275
3.2,0.97,4.150878143500089,-150.65274
3.2,0.97,4.1478302603555735,-150.65274
3.2,0.97,4.144558785878484,-150.65274
3.2,0.97,4.141064187909321,-150.65274
3.25,0.97,4.160190272213236,-150.65274
3.25,0.97,4.154913249447766,-150.65274
3.25,0.97,4.1494181034533115,-150.65274
3.25,0.97,4.143705643734392,-150.65274
3.3,0.97,4.139854893531581,-150.65274
3.3,0.97,4.132204180281769,-150.65274
3.3,0.97,4.124345620578907,-150.65274
3.35,0.97,4.103460656860364,-150.65274
3.35,0.97,4.093761958264229,-150.65274
3.35,0.97,4.083868845789862,-150.65274
3.4,0.97,4.046965718179628,-150.65274
3.4,0.97,4.0353698931041615,-150.65274
3.4,0.97,4.023597443991266,-150.65274
3.45,0.97,3.97207981861635,-150.65274
3.45,0.97,3.958785675662488,-150.65274
3.5,0.97,3.924475476896765,-150.65274
3.5,0.97,3.91013112207326,-150.65274
3.2,0.97,4.16716650564308,-150.65273
3.2,0.97,4.165920297658879,-150.65273
3.2,0.97,4.164447923721622,-150.65273
3.2,0.97,4.162749592606751,-150.65273
3.2,0.97,4.160825545299228,-150.65273
3.2,0.97,4.158676055032394,-150.65273
3.2,0.97,4.15630142733213,-150.65273
3.2,0.97,4.1537020000663825,-150.65273
3.25,0.97,4.17910213073977,-150.65273
3.25,0.97,4.174705016411956,-150.65273
3.25,0.97,4.170086880277778,-150.65273
3.25,0.97,4.165248396319671,-150.65273
3.3,0.97,4.168356346934361,-150.65273
3.3,0.97,4.161548396822379,-150.65273
3.3,0.97,4.154528121410834,-150.65273
3.3,0.97,4.147296586450818,-150.65273
3.35,0.97,4.131374778674503,-150.65273
3.35,0.97,4.122268576982531,-150.65273
3.35,0.97,4.112963372900735,-150.65273
3.4,0.97,4.069619526595581,-150.65273
3.4,0.97,4.058382915979085,-150.65273
3.45,0.97,4.0110136858790115,-150.65273
3.45,0.97,3.998196239521763,-150.65273
3.45,0.97,3.9852174865064502,-150.65273
3.5,0.97,3.9386821112119836,-150.65273
3.25,0.97,4.197751130566241,-150.65272
3.25,0.97,4.194468063384506,-150.65272
3.25,0.97,4.190961106105746,-150.65272
3.25,0.97,4.187230765834018,-150.65272
3.25,0.97,4.1832775828578415,-150.65272
3.3,0.97,4.193444823102751,-150.65272
3.3,0.97,4.187496121533001,-150.65272
3.3,0.97,4.181331186294964,-150.65272
3.3,0.97,4.174950941640681,-150.65272
3.35,0.97,4.157485043591869,-150.65272
3.35,0.97,4.1489844062744865,-150.65272
3.35,0.97,4.140280526224067,-150.65272
3.4,0.97,4.102226877589949,-150.65272
3.4,0.97,4.091543360822712,-150.65272
3.4,0.97,4.080673633037164,-150.65272
3.45,0.97,4.036155328449711,-150.65272
3.45,0.97,4.023667481291167,-150.65272
3.5,0.97,3.966670993326021,-150.65272
3.5,0.97,3.952748205668126,-150.65272
3.25,0.97,4.217156337091199,-150.65271
3.25,0.97,4.215905661930419,-150.65271
3.25,0.97,4.2144280141080275,-150.65271
3.25,0.97,4.212723605153274,-150.65271
3.25,0.97,4.210792679229452,-150.65271
3.25,0.97,4.20863551317312,-150.65271
3.25,0.97,4.2062524165386845,-150.65271
3.25,0.97,4.203643731648371,-150.65271
3.25,0.97,4.200809833647663,-150.65271
3.3,0.97,4.2150600276789145,-150.65271
3.3,0.97,4.209984806599962,-150.65271
3.3,0.97,4.204690002821603,-150.65271
3.3,0.97,4.199176401701723,-150.65271
3.35,0.97,4.189428980664933,-150.65271
3.35,0.97,4.18175431318414,-150.65271
3.35,0.97,4.173871278135298,-150.65271
3.35,0.97,4.165781100801788,-150.65271
3.4,0.97,4.1331424620435655,-150.65271
3.4,0.97,4.1230281569463285,-150.65271
3.4,0.97,4.112722392715441,-150.65271
3.45,0.97,4.072600901503818,-150.65271
3.45,0.97,4.060624220653221,-150.65271
3.45,0.97,4.048474976520522,-150.65271
3.5,0.97,4.007552619394953,-150.65271
3.5,0.97,3.9940758388499185,-150.65271
3.5,0.97,3.9804477590394485,-150.65271
3.3,0.97,4.240860452478614,-150.6527
3.3,0.97,4.237117303978655,-150.6527
3.3,0.97,4.233150578153531,-150.6527
3.3,0.97,4.228960855929837,-150.6527
3.3,0.97,4.22454875202919,-150.6527
3.3,0.97,4.219914915070573,-150.6527
3.35,0.97,4.218020756136113,-150.6527
3.35,0.97,4.211191077030705,-150.6527
3.35,0.97,4.204148496059649,-150.6527
3.35,0.97,4.196894092192143,-150.6527
3.4,0.97,4.171652342759268,-150.6527
3.4,0.97,4.162320148172176,-150.6527
3.4,0.97,4.152790064888152,-150.6527
3.4,0.97,4.143063640436442,-150.6527
3.45,0.97,4.107474643860466,-150.6527
3.45,0.97,4.0960281607422475,-150.6527
3.45,0.97,4.0844029047704815,-150.6527
3.5,0.97,4.034042078763126,-150.6527
3.5,0.97,4.020875537329879,-150.6527
2.5,0.97,3.326301583400004,-150.6526984
3.3,0.97,4.264408571280165,-150.65269
3.3,0.97,4.262698227189385,-150.65269
3.3,0.97,4.260760584272492,-150.65269
3.3,0.97,4.258595922928607,-150.65269
3.3,0.97,4.256204556695078,-150.65269
3.3,0.97,4.253586832297869,-150.65269
3.3,0.97,4.250743129707448,-150.65269
3.3,0.97,4.2476738622002195,-150.65269
3.3,0.97,4.244379476425572,-150.65269
3.35,0.97,4.248940374722995,-150.65269
3.35,0.97,4.243190133248602,-150.65269
3.35,0.97,4.237222132565178,-150.65269
3.35,0.97,4.23103727305612,-150.65269
3.35,0.97,4.224636490480445,-150.65269
3.4,0.97,4.206972656292162,-150.65269
3.4,0.97,4.198446708220812,-150.65269
3.4,0.97,4.189717072406295,-150.65269
3.4,0.97,4.180785140514805,-150.65269
3.45,0.97,4.140721853932235,-150.65269
3.45,0.97,4.129823407519571,-150.65269
3.45,0.97,4.1187403722928,-150.65269
3.5,0.97,4.059896220529858,-150.65269
3.5,0.97,4.047049778705,-150.65269
3.3,0.97,4.267146406813733,-150.65268
3.3,0.97,4.265891369238988,-150.65268
3.35,0.97,4.274396137758832,-150.65268
3.35,0.97,4.269746970466202,-150.65268
3.35,0.97,4.264876067464276,-150.65268
3.35,0.97,4.259784154459872,-150.65268
3.35,0.97,4.2544719918245155,-150.65268
3.4,0.97,4.239013072470177,-150.65268
3.4,0.97,4.231315030121273,-150.65268
3.4,0.97,4.223408113703571,-150.65268
3.4,0.97,4.2152935632375526,-150.65268
3.45,0.97,4.172291339767431,-150.65268
3.45,0.97,4.161957610110877,-150.65268
3.45,0.97,4.151433858443787,-150.65268
3.5,0.97,4.097444545584901,-150.65268
3.5,0.97,4.085095902012494,-150.65268
3.5,0.97,4.072579035451614,-150.65268
3.35,0.97,4.306157807747687,-150.65267
3.35,0.97,4.3035312543502,-150.65267
3.35,0.97,4.300677975742806,-150.65267
3.35,0.97,4.297598390388252,-150.65267
3.35,0.97,4.294292950539431,-150.65267
3.35,0.97,4.290762142312614,-150.65267
3.35,0.97,4.287006485766469,-150.65267
3.35,0.97,4.283026534986936,-150.65267
3.35,0.97,4.278822878178058,-150.65267
3.4,0.97,4.274329372929916,-150.65267
3.4,0.97,4.267693002473603,-150.65267
3.4,0.97,4.260842113412691,-150.65267
3.4,0.97,4.253777761266776,-150.65267
3.4,0.97,4.246501038050976,-150.65267
3.45,0.97,4.211692097594161,-150.65267
3.45,0.97,4.202135324292471,-150.65267
3.45,0.97,4.192381863151491,-150.65267
3.45,0.97,4.182433319669552,-150.65267
3.5,0.97,4.133459084450165,-150.65267
3.5,0.97,4.121628296506899,-150.65267
3.5,0.97,4.109622737886293,-150.65267
3.35,0.97,4.317136706533423,-150.65266
3.35,0.97,4.3158774076656075,-150.65266
3.35,0.97,4.314389579015431,-150.65266
3.35,0.97,4.312673437527059,-150.65266
3.35,0.97,4.310729233613241,-150.65266
3.35,0.97,4.308557251195154,-150.65266
3.4,0.97,4.304259034794559,-150.65266
3.4,0.97,4.298709825435271,-150.65266
3.4,0.97,4.292941361047143,-150.65266
3.4,0.97,4.2869545173172146,-150.65266
3.4,0.97,4.280750205571154,-150.65266
3.45,0.97,4.247921600033539,-150.65266
3.45,0.97,4.2391668353339576,-150.65266
3.45,0.97,4.230209358936152,-150.65266
3.45,0.97,4.221050617668568,-150.65266
3.5,0.97,4.16788212614767,-150.65266
3.5,0.97,4.15658802471479,-150.65266
3.5,0.97,4.14511300968573,-150.65266
3.4,0.97,4.340666094784203,-150.65265
3.4,0.97,4.336898219964607,-150.65265
3.4,0.97,4.332905351087517,-150.65265
3.4,0.97,4.328688083548304,-150.65265
3.4,0.97,4.324247047371814,-150.65265
3.4,0.97,4.319582907315883,-150.65265
3.4,0.97,4.314696362981122,-150.65265
3.4,0.97,4.309588148927029,-150.65265
3.45,0.97,4.288606821930741,-150.65265
3.45,0.97,4.280885963492396,-150.65265
3.45,0.97,4.272955738520062,-150.65265
3.45,0.97,4.2648174015714355,-150.65265
3.45,0.97,4.256472245168503,-150.65265
3.5,0.97,4.211210849289863,-150.65265
3.5,0.97,4.200659568073274,-150.65265
3.5,0.97,4.189919792761145,-150.65265
3.5,0.97,4.178993354293399,-150.65265
3.4,0.97,4.367127228351968,-150.65264
3.4,0.97,4.36586376583708,-150.65264
3.4,0.97,4.364371021834207,-150.65264
3.4,0.97,4.362649215948882,-150.65264
3.4,0.97,4.36069860166528,-150.65264
3.4,0.97,4.358519466386324,-150.65264
3.4,0.97,4.356112131479261,-150.65264
3.4,0.97,4.353476952326747,-150.65264
3.4,0.97,4.350614318383486,-150.65264
3.4,0.97,4.347524653238492,-150.65264
3.4,0.97,4.344208414683012,-150.65264
3.45,0.97,4.330469748076391,-150.65264
3.45,0.97,4.324029336149788,-150.65264
3.45,0.97,4.317372815443351,-150.65264
3.45,0.97,4.31050121721352,-150.65264
3.45,0.97,4.3034156094403615,-150.65264
3.45,0.97,4.296117097014317,-150.65264
3.5,0.97,4.251495883133305,-150.65264
3.5,0.97,4.241716049461191,-150.65264
3.5,0.97,4.231740816190967,-150.65264
3.5,0.97,4.221571847644472,-150.65264
2.3,0.97,3.0453204564706926,-150.6526326
3.45,0.97,4.369422592808548,-150.65263
3.45,0.97,4.364520768494006,-150.65263
3.45,0.97,4.359396630745725,-150.65263
3.45,0.97,4.354050958360722,-150.65263
3.45,0.97,4.348484565758087,-150.65263
3.45,0.97,4.34269830311528,-150.65263
3.45,0.97,4.336693056511234,-150.65263
3.5,0.97,4.2974086468816095,-150.65263
3.5,0.97,4.288629357822597,-150.65263
3.5,0.97,4.27964695386344,-150.65263
3.5,0.97,4.2704628982103925,-150.65263
3.5,0.97,4.2610786937105685,-150.65263
3.45,0.97,4.412625543153116,-150.65262
3.45,0.97,4.410668664001328,-150.65262
3.45,0.97,4.408482538347034,-150.65262
3.45,0.97,4.406067491404917,-150.65262
3.45,0.97,4.40342388281112,-150.65262
3.45,0.97,4.4005521066802045,-150.65262
3.45,0.97,4.397452591667731,-150.65262
3.45,0.97,4.394125801038556,-150.65262
3.45,0.97,4.3905722327408725,-150.65262
3.45,0.97,4.3867924194860874,-150.65262
3.45,0.97,4.382786928834604,-150.65262
3.45,0.97,4.378556363287588,-150.65262
3.45,0.97,4.374101360384792,-150.65262
3.5,0.97,4.3457419569446865,-150.65262
3.5,0.97,4.338209897832138,-150.65262
3.5,0.97,4.330466762454395,-150.65262
3.5,0.97,4.322513781563442,-150.65262
3.5,0.97,4.314352224056482,-150.65262
3.5,0.97,4.305983397203203,-150.65262
3.45,0.97,4.417117964728591,-150.65261
3.45,0.97,4.415850432895101,-150.65261
3.45,0.97,4.414352884957814,-150.65261
3.5,0.97,4.392460765262604,-150.65261
3.5,0.97,4.38643754078854,-150.65261
3.5,0.97,4.380195675482103,-150.65261
3.5,0.97,4.373736138757858,-150.65261
3.5,0.97,4.367059936810615,-150.65261
3.5,0.97,4.36016811278732,-150.65261
3.5,0.97,4.353061746966396,-150.65261
3.5,0.97,4.447382149243981,-150.6526
3.5,0.97,4.444045044832778,-150.6526
3.5,0.97,4.440480482495243,-150.6526
3.5,0.97,4.436689001157171,-150.6526
3.5,0.97,4.432671174996415,-150.6526
3.5,0.97,4.428427613535007,-150.6526
3.5,0.97,4.423958961737362,-150.6526
3.5,0.97,4.419265900114633,-150.6526
3.5,0.97,4.414349144835339,-150.6526
3.5,0.97,4.40920944784233,-150.6526
3.5,0.97,4.403847596976223,-150.6526
3.5,0.97,4.398264416105386,-150.6526
3.5,0.97,4.467108908460029,-150.65259
3.5,0.97,4.465837398467456,-150.65259
3.5,0.97,4.464335154269286,-150.65259
3.5,0.97,4.4626024007024485,-150.65259
3.5,0.97,4.460639397288351,-150.65259
3.5,0.97,4.458446438273414,-150.65259
3.5,0.97,4.456023852675122,-150.65259
3.5,0.97,4.45337200433363,-150.65259
3.5,0.97,4.450491291968983,-150.65259
2.5,0.97,1.9705856879864125,-150.6525723
2.7,0.97,1.887805028677837,-150.6525193
1.6,0.97,1.0109081940578004,-150.6523228
1.3,0.97,0.9544108842225024,-150.6522778
2.4,0.97,3.227901320483666,-150.652232
2.5,0.97,3.39297533771078,-150.6521931
2.2,0.97,1.8591343680745254,-150.6519778
2.2,0.97,2.948163665868424,-150.651954
2.4,0.97,1.8776356503722993,-150.6515483
2.4,0.97,3.29384674455583,-150.6514907
2.3,0.97,3.129602474090123,-150.6514437
2.1,0.97,2.851203486055427,-150.6509535
2.7,0.97,1.7485389535159541,-150.6509301
2.5,0.97,1.8214054398377726,-150.6508304
2.1,0.97,1.7697572068927363,-150.6507296
1.1,0.97,1.8990219852264407,-150.6504536
2.3,0.97,3.1947724662217336,-150.6503511
1.4,0.97,0.4672670188913462,-150.6502974
2.2,0.97,3.031414910051385,-150.6502063
2.3,0.97,1.7854476518232427,-150.6500853
2.0,0.97,2.7544606798868077,-150.649645
1.7,0.97,2.4657920819659793,-150.6494025
2.6,0.97,1.7040454606046305,-150.6492059
2.0,0.97,1.6815768029268525,-150.6490372
2.4,0.97,1.7269780152682328,-150.648859
2.2,0.97,3.095757717463683,-150.648589
2.5,0.97,1.693965276411065,-150.6484871
2.1,0.97,2.9333498031998624,-150.6483812
1.9,0.97,2.6579589829774215,-150.6482481
2.2,0.97,1.694146097375683,-150.6480257
2.6,0.97,1.6489390558896124,-150.647691
1.8,0.97,2.5617256436508273,-150.6475133
1.1,0.97,0.6682902225523558,-150.647074
1.9,0.97,1.5947916844950658,-150.6469647
1.6,0.97,1.345488920546489,-150.6468429
1.4,0.97,1.0240080341824735,-150.6462525
2.3,0.97,1.6332141176737909,-150.6461484
2.1,0.97,2.9968083988709404,-150.6459737
2.7,0.97,1.8025720422901232,-150.6459482
2.0,0.97,2.835419859382997,-150.6458559
2.5,0.97,1.6057010605864674,-150.6456567
1.2,0.97,0.8906221520793786,-150.6456478
1.2,0.97,1.0549788275055652,-150.6456143
1.2,0.97,1.2283386546582977,-150.6455853
2.4,0.97,1.5976149797053605,-150.6452484
2.1,0.97,1.6038823775780384,-150.6451942
1.8,0.97,1.509642503948377,-150.6449122
1.2,0.97,0.2855898161603795,-150.644649
1.7,0.97,1.4264222595432392,-150.6440487
1.3,0.97,1.121302971409646,-150.6440201
2.5,0.97,1.5493907022160622,-150.6428985
1.6,0.97,2.4453761721229714,-150.6427244
1.9,0.97,2.7376395836622325,-150.6426752
2.2,0.97,1.540234931144647,-150.642462
2.0,0.97,2.8979312127534818,-150.6422487
2.0,0.97,1.5148420257431157,-150.6414429
2.3,0.97,1.5017419515587562,-150.6409082
2.4,0.97,1.5075744957148107,-150.6408457
1.5,0.97,2.404938457713243,-150.6407402
1.8,0.97,2.6400256061419456,-150.639383
1.1,0.97,0.34834665812397664,-150.6385562
1.7,0.97,2.542597080179235,-150.6378318
2.1,0.97,1.4481916075117025,-150.6375335
1.9,0.97,2.7991338031895374,-150.6372337
1.9,0.97,1.4272540225235415,-150.636763
2.4,0.97,1.4499045093346798,-150.636311
2.2,0.97,1.406443797229042,-150.6351498
2.3,0.97,1.4097112556445823,-150.634567
1.5,0.97,0.5627849756951132,-150.6343196
1.5,0.97,1.0983099618132075,-150.634066
1.7,0.97,1.0940749918831103,-150.633755
1.1,0.97,1.96346331222178,-150.632758
1.1,0.97,1.466594695203825,-150.6325257
1.1,0.97,0.8339757188471547,-150.6322644
1.1,0.97,0.9943039270152422,-150.6322132
1.1,0.97,2.013034506067389,-150.6321749
1.1,0.97,1.1625358186526744,-150.6321687
1.1,0.97,1.3204974834760017,-150.6321523
1.8,0.97,1.341402894980384,-150.6315457
1.1,0.97,0.20778133017664505,-150.6315017
1.8,0.97,2.700424926278415,-150.6311556
2.0,0.97,1.3572745562400055,-150.6311207
2.3,0.97,1.350494214820817,-150.6281545
2.1,0.97,1.311845806661968,-150.6275737
1.7,0.97,1.257644388733906,-150.6271292
1.6,0.97,1.1764255566613662,-150.6266499
2.2,0.97,1.3121702589421413,-150.6264317
2.6,0.97,2.5958542769810307,-150.6262865
2.6,0.97,2.775049549107187,-150.626268
2.6,0.97,2.410681302621759,-150.6260918
2.6,0.97,2.9433553255900473,-150.6260781
1.6,0.97,2.50331465283146,-150.6258401
2.6,0.97,3.0968396240667455,-150.625758
2.6,0.97,2.2257000488350185,-150.6256352
1.7,0.97,2.6018146584207793,-150.6256033
2.6,0.97,3.2323457879094244,-150.625351
2.6,0.97,3.337798635052037,-150.6248995
2.6,0.97,2.0641948241008548,-150.6248584
2.6,0.97,3.4247945212346016,-150.6244458
2.6,0.97,3.4921536203331787,-150.6240325
2.6,0.97,1.9163983112394605,-150.6237189
1.7,0.97,0.7573003715285205,-150.6235238
1.3,0.97,0.33000000000000035,-150.6233129
1.9,0.97,1.2677261178841739,-150.6231317
2.6,0.97,1.7907158043625666,-150.6222192
1.6,0.97,0.6596327696473948,-150.6211155
2.1,0.97,1.2150291159530067,-150.6203027
2.2,0.97,1.2511779099472435,-150.6195274
2.0,0.97,1.2181111140405594,-150.6177056
2.1,0.97,1.1519799045189152,-150.6174593
2.0,0.97,1.1183920228501294,-150.6168518
1.9,0.97,1.0224019175138823,-150.6144985
2.0,0.97,1.0529336344190292,-150.6142543
1.8,0.97,1.1798579570926553,-150.6139269
1.9,0.97,1.1254554419619087,-150.6135215
1.8,0.97,1.03416885349261,-150.6134434
1.8,0.97,0.9272597506078456,-150.6114955
1.9,0.97,0.9540863569752591,-150.6098262
1.2,0.97,0.23000000000000037,-150.6091467
1.4,0.97,0.4299999999999998,-150.6083776
1.8,0.97,0.855507051193489,-150.6045078
1.5,0.97,0.5299999999999999,-150.5775428
1.0,0.97,1.7313288907452429,-150.5565638
1.0,0.97,0.6257372535723377,-150.5565485
1.0,0.97,0.7860172908268324,-150.5565432
1.0,0.97,1.8066479509083242,-150.5565327
1.0,0.97,1.633290173614863,-150.5564999
1.0,0.97,1.8682218523215461,-150.5564477
1.0,0.97,0.9403724113726685,-150.5564371
1.0,0.97,0.4608116134328283,-150.5564365
1.0,0.97,1.5202201982050156,-150.5563946
1.0,0.97,1.915581545360425,-150.556368
1.0,0.97,1.1018907426660463,-150.5563477
1.0,0.97,1.3931618714277245,-150.5563268
1.0,0.97,1.2532878954851128,-150.5563144
1.0,0.97,0.3095970904052591,-150.5562223
1.0,0.97,0.15743131596170074,-150.5559791
1.6,0.97,0.6300000000000003,-150.5433968
1.1,0.97,0.13000000000000053,-150.5428809
1.7,0.97,0.7299999999999998,-150.5247218
1.8,0.97,0.8300000000000002,-150.5159753
1.9,0.97,0.9299999999999997,-150.511837
2.0,0.97,1.03,-150.5098236
2.1,0.97,1.1300000000000001,-150.5087782
2.2,0.97,1.2300000000000004,-150.5081624
2.3,0.97,1.3299999999999998,-150.5077285
2.4,0.97,1.4300000000000002,-150.5073656
2.5,0.97,1.5300000000000002,-150.5070334
2.7,0.97,1.73,-150.5064382
2.8,0.97,1.8299999999999998,-150.506184
2.9,0.97,1.93,-150.5059629